#
# gridID 1
#
gridtype  = curvilinear
gridsize  = 2401
xsize     = 49
ysize     = 49
xname     = lon2D
xdimname  = xc
xlongname = "longitude"
xunits    = "degrees_east"
yname     = lat2D
ydimname  = yc
ylongname = "latitude"
yunits    = "degrees_north"
xvals     = -135 -136.23197740264 -137.51687565694 -138.85680098559 -140.253802751262 
            -141.709836807757 -143.226722464108 -144.806092759897 -146.4493379885 
            -148.157542740015 -149.931417178138 -151.77122381863 -153.67670173219 
            -155.64699082497 -157.680559607025 -159.775140568832 -161.92767785104 
            -164.134292197226 -166.390268104188 -168.69006752598 -171.027373385104 
            -173.395164503246 -175.785821477266 -178.191260677508 179.396908805619 
            176.987212495817 174.588130847683 172.207921921782 169.854455566104 167.535067157935 
            165.256437163529 163.02450053207 160.84438755456 158.720395572305 156.655989038422 
            154.653824058053 152.715792706377 150.843082117687 149.036243467926 147.295266422998 
            145.619655276155 144.008503742025 142.460566126168 140.974323286481 139.548042409125 
            138.179830119864 136.867678839434 135.609506576675 134.403190548771 -133.76802259736 
            -135 -136.287328941525 -137.632434868986 -139.037710620977 -140.505477857978 
            -142.037940763185 -143.637131415071 -145.304846468766 -147.042575142885 
            -148.851419013805 -150.732004785107 -152.684392026558 -154.707978842979 
            -156.801409486352 -158.962488974578 -161.188110697481 -163.474203610074 
            -165.815705751729 -168.20657031509 -170.639809198087 -173.107576877515 
            -175.601294645004 -178.111811993259 179.37040139159 176.855042535302 
            174.351752626265 171.869897645844 169.418364479056 167.005383208083 164.638383688151 
            162.323891301347 160.06746343806 157.873665190627 155.746080275683 153.687351505211 
            151.699244233994 149.782726042616 147.938056317186 146.164880177549 144.462322208026 
            142.82907651006 141.263490614335 139.763641690726 138.327404241727 136.9525090494 
            135.636593575964 134.377244312794 133.172031755695 -132.48312434306 -133.712671058475 
            -135 -136.347887280199 -137.75910765862 -139.236394799059 -140.782392322364 
            -142.399594659887 -144.090276920822 -145.856413348062 -147.699584489597 
            -149.620873988632 -151.620756913892 -153.698982804181 -155.854458039578 
            -158.085133672808 -160.387906291096 -162.75854060106 -165.191622960958 
            -167.680554743363 -170.217592968193 -172.793942998617 -175.399904333737 
            -178.025065989118 179.341456822436 176.710757321508 174.093858886229 
            171.501441120506 168.943587019752 166.429565614839 163.967660646064 161.565051177078 
            159.227745317954 156.960564020096 154.767168676792 152.65012421993 150.61098853368 
            148.650419134757 146.768288932021 144.963804189907 143.23561932421 141.581944655178 
            140.000644597558 138.489324905796 137.045408488887 135.666199970183 134.348939619771 
            133.090847567004 131.889159346509 -131.14319901441 -132.367565131014 
            -133.652112719801 -135 -136.414423211402 -137.898576799282 -139.455602833326 
            -141.088528154195 -142.800187884182 -144.59313426273 -146.469530332867 
            -148.431028870682 -150.478638165418 -152.612577842924 -154.832129850218 
            -157.1354918781 -159.519642688191 -161.980230718223 -164.51149855709 
            -167.106255955118 -169.755912553541 -172.450578231737 -175.179233921907 
            -177.929969346959 179.309722802135 176.552613148135 173.811384036758 
            171.098283967108 168.424811182604 165.801445976137 163.237445538167 160.740708356233 
            158.317708386755 155.973493421321 153.7117378751 151.534837857345 149.444035724492 
            147.439562018847 145.520784313874 143.686354581237 141.93434890127 140.262395399595 
            138.667788055531 137.147585428298 135.698694382983 134.317939606827 133.002120143523 
            131.748054399636 130.552615149909 -129.746197248738 -130.962289379023 
            -132.24089234138 -133.585576788598 -135 -136.487867528828 -138.052882514792 
            -139.698680517299 -141.42874774883 -143.246320814469 -145.1542665802 
            -147.154941697222 -149.250032697804 -151.44037952168 -153.725787845273 
            -156.10483858493 -158.574706201913 -161.131000544939 -163.767649338844 
            -166.476839349584 -169.249033006812 -172.07307331731 -174.93638314697 
            -177.82525588539 179.274775700941 176.378515295883 173.500653720345 170.6553280979 
            167.855721950433 165.113733150982 162.439727948199 159.842389105455 157.328656378019 
            154.903749537308 152.571258778322 150.333284793054 148.190610712207 146.142889858339 
            144.188836077359 142.32640666017 140.552971033037 138.865461169852 137.260501911141 
            135.734521034255 134.28384005453 132.904747435376 131.593556245005 130.346648412732 
            129.160507688483 -128.290163192243 -129.494522142022 -130.763605200941 
            -132.101423200718 -133.512132471172 -135 -136.569354804749 -138.22452260652 
            -139.96974072811 -141.809050179613 -143.746162262555 -145.784297867563 
            -147.925999124706 -150.172915345525 -152.525568373723 -154.9831065219 
            -157.543061000058 -160.201123645475 -162.95096902789 -165.784146526326 
            -168.69006752598 -171.656108415967 -174.66784111834 -177.709389957361 
            179.23610153907 176.18592516571 173.157226587369 170.166436035793 167.228757435099 
            164.357753542791 161.565051177078 158.860175191342 156.250505507133 153.741340445193 
            151.336042889718 149.036243467926 146.842076115328 144.752424941654 142.765166018425 
            140.877392606643 139.085616779975 137.385944030389 135.774220164928 134.246151666929 
            132.797401838234 131.423665625003 130.120726216993 128.884496433715 127.71104767639 
            -126.773277535892 -127.962059236815 -129.217607677636 -130.544397166674 
            -131.947117485208 -133.430645195251 -135 -136.660282368983 -138.416588191771 
            -140.273895957352 -142.236922025968 -144.309940174986 -146.496563017586 
            -148.799485396019 -151.220193695603 -153.758650347842 -156.412969474872 
            -159.179107146689 -162.050597007086 -165.018367427609 -168.070677822762 
            -171.193207305565 -174.369317242365 -177.580490783344 179.193070544898 
            175.971736333515 172.775684305955 169.624155079949 166.534791905188 163.523118606312 
            160.602187551442 157.782405730482 155.071525864539 152.474774256256 149.995079129176 
            147.633361935275 145.38885781547 143.259437979879 141.241914347415 139.332313983189 
            137.52611691162 135.818455461689 134.204276447261 132.678469410167 131.235965135094 
            129.871808958147 128.581213269761 127.359593238973 126.202589290009 -125.193907240103 
            -126.362868584929 -127.600405340113 -128.911471845805 -130.301319482701 
            -131.77547739348 -133.339717631017 -135 -136.762391023661 -138.632950739488 
            -140.617580590127 -142.721825800131 -144.950626687952 -147.308015817428 
            -149.796762245057 -152.417970792203 -155.17065341185 -158.051300916473 
            -161.053495310491 -164.167613379578 -167.380677706569 -170.676408221862 
            -174.035512898747 -177.436229788535 179.144902603733 175.732106699709 
            172.349349044641 169.019349989826 165.762719534239 162.597295868644 159.537728476578 
            156.595310448968 153.778033222446 151.090816348852 148.535856369134 146.113040535948 
            143.820379552021 141.654425046007 139.610649318661 137.683775159469 135.868051449746 
            134.15747573926 132.545968325473 131.027504059249 129.59620863975 128.246425964469 
            126.972762489568 125.770113756272 124.63367739655 -123.5506620115 -124.695153531234 
            -125.909723079178 -127.199812115818 -128.57125225117 -130.03025927189 
            -131.583411808229 -133.237608976339 -135 -136.877877447285 -138.878524502848 
            -141.009005957495 -143.275892827075 -145.684912400003 -148.240519915187 
            -150.945395900923 -153.799885158653 -156.801409486352 -159.943905263425 
            -163.217355854729 -166.607502246249 -170.095816787026 -173.65980825409 
            -177.273689006094 179.090619550801 175.462227492093 171.869897645844 
            168.340707346477 164.898901838615 161.565051177078 158.355564859286 155.282559088917 
            152.354024636261 149.574216198039 146.944177188446 144.462322208026 142.125016348902 
            139.927109947649 137.862405226112 135.924045352773 134.104826289789 132.3974377975 
            130.794642998291 129.2894068625 127.874983651098 126.544972322823 125.29334759066 
            124.114472945341 123.003100692076 -121.842457259985 -122.957424857115 
            -124.143586651938 -125.40686573727 -126.753679185531 -128.190949820387 
            -129.726104042648 -131.367049260512 -133.122122552715 -135 -137.009553813021 
            -139.159642293713 -141.458816378719 -143.914926957148 -146.534620653645 
            -149.322719978204 -152.281498371817 -155.409882833804 -158.702645950966 
            -162.149681697783 -165.73548770192 -169.438989308804 -173.233825177447 
            -177.089162173832 179.028978068921 175.155999624919 171.32682595212 167.574057134573 
            163.926425835254 160.407718108948 157.036226940145 153.82471001824 150.780753309515 
            147.907408671266 145.203973721732 142.666804261814 140.290081205371 138.066485501126 
            135.98776039964 134.045158746128 132.2297842028 130.532840938611 128.945808105885 
            127.460554860491 126.069409899581 124.765197236577 123.541247654123 122.391393206634 
            121.309950382534 -120.068582821862 -121.148580986195 -122.300415510403 
            -123.530469667133 -124.8457334198 -126.253837737445 -127.763077974032 
            -129.382419409873 -131.121475497152 -132.990446186979 -135 -137.161079488226 
            -139.484606009545 -141.98105740683 -144.659893078442 -147.528807709152 
            -150.592810939266 -153.853158764419 -157.306205054908 -160.942295489872 
            -164.744881296942 -168.69006752598 -172.746805387275 -176.877869537884 
            178.95837332399 174.805571092265 170.706691400603 166.701429669506 162.824096384253 
            159.102234501161 155.556045219583 152.198541220066 149.036243467926 146.070202577939 
            143.297144969837 140.7105931375 138.301865674435 136.060911690264 133.976969811332 
            132.039063865836 130.236358309274 128.558399900665 126.995271142707 125.537677791974 
            124.176988773793 122.905242922988 121.715133515098 120.599978693209 119.553683632307 
            -118.22877618137 -119.267995214893 -120.379126011368 -121.568971129318 
            -122.845058302778 -124.215702132437 -125.690059825014 -127.278174199869 
            -128.990994042505 -130.840357706287 -132.838920511774 -135 -137.337305859124 
            -139.864514437761 -142.594643368591 -145.539183728628 -148.70696100408 
            -152.102728969052 -155.725558865561 -159.567171320601 -163.610459665965 
            -167.828541791413 -172.184706453233 -176.63353933657 178.876697285925 
            174.400660663479 169.992020198559 165.699722550814 161.565051177078 157.61986494804 
            153.886087369709 150.376251248826 147.094757077012 144.039482803355 141.203447901692 
            138.576334374997 136.145762838175 133.898293884794 131.820169880136 129.897834747642 
            128.118276369363 126.469234390052 124.939310204677 123.518008645252 122.195733934713 
            120.963756532074 119.814162737799 118.739795291688 117.734190504985 -116.32329826781 
            -117.315607973442 -118.379243086108 -119.521361834582 -120.749967302196 
            -122.074000875294 -123.503436982414 -125.049373312048 -126.724107172925 
            -128.541183621281 -130.515393990455 -132.662694140876 -135 -137.544804379813 
            -140.314545669945 -143.325650330427 -146.592175410291 -150.124007308311 
            -153.924644416051 -157.988716802081 -162.299572211333 -166.827446576673 
            -171.528855366985 -176.347777219694 178.781124764869 173.927543592792 
            169.159694545669 164.538782259558 160.114834886145 155.924501744921 151.990823291986 
            148.324531261891 144.926245506652 141.788974574439 138.900493742382 136.245364266768 
            133.806510576018 131.566369637549 129.507675442873 127.613956848733 125.869823517721 
            124.261102899095 122.774877324264 121.399457483341 120.124317998361 118.940012692839 
            117.838081197135 116.810954300349 115.85186254206 -114.35300917503 -115.292021157021 
            -116.301017195819 -117.387422157076 -118.55962047832 -119.827084654475 
            -121.200514603981 -122.691984182572 -124.315087599997 -126.085073042852 
            -128.01894259317 -130.135485562239 -132.455195620187 -135 -137.792702365713 
            -140.856013585429 -144.211026540817 -147.875001559612 -151.858398767738 
            -156.161259816828 -160.769327624339 -165.650667957053 -170.753887254437 
            -176.00908690157 178.66778014613 173.367485384862 168.178511659393 163.178590109959 
            158.428692808745 153.970407808487 149.826479970356 146.00354085175 142.49585763973 
            139.289153328819 136.363927531603 133.698047327421 131.26860300084 129.053136946026 
            127.030389605679 125.180699361242 123.486168815513 121.930682103718 120.499833233447 
            119.1808060525 117.962232204374 116.834043470774 115.787328182814 114.814196990535 
            113.907660494173 -112.319440392975 -113.198590513648 -114.145541960422 
            -115.167870149782 -116.274212154727 -117.474431626277 -118.779806304397 
            -120.203237754943 -121.759480084813 -123.465379346355 -125.340106921558 
            -127.405356631409 -129.685454330055 -132.207297634287 -135 -138.094058058917 
            -141.519801751657 -145.304846468766 -149.470294100066 -154.025606037569 
            -158.962488974578 -164.248826336547 -169.824489156957 -175.601294645004 
            178.531199285614 172.694240466689 167.005383208083 161.565051177078 156.447736327105 
            151.699244233994 147.339087278326 143.365886124033 139.763641690726 136.507435758775 
            133.567903815835 130.914383220025 128.516926307103 126.347458208885 124.380344723845 
            122.592581472599 120.963756532074 119.475889003246 118.113208876056 116.861917844403 
            115.709953780811 114.646770851931 113.663140708194 112.750976342788 111.903178081839 
            -110.224859431168 -111.037511025422 -111.914866327192 -112.8645081219 
            -113.89516141507 -115.0168934781 -116.241349652158 -117.582029207797 
            -119.054604099077 -120.677280021796 -122.471192290848 -124.460816271372 
            -126.674349669573 -129.143986414571 -131.905941941083 -135 -138.468229258917 
            -142.352379359892 -146.689369175439 -151.504361381755 -156.801409486352 
            -162.552811576718 -168.69006752598 -175.100907546212 178.363422958383 
            171.869897645844 165.579226872489 159.623564786164 154.093492000486 149.036243467926 
            144.462322208026 140.355825042855 136.684684317896 133.408859728805 130.486011541999 
            127.874983651098 125.537677791974 123.439869205782 121.551384948313 119.845931949687 
            118.300755766006 116.896236965493 115.615484320642 114.443954780417 113.369113163482 
            112.38013505196 111.467651439099 110.623531383325 109.840698083968 -108.072322148959 
            -108.811889302519 -109.612093708904 -110.480357311809 -111.425293798087 
            -112.456938999942 -113.587030525128 -114.82934658815 -116.200114841347 
            -117.718501628183 -119.407189060734 -121.29303899592 -123.407824589709 
            -125.788973459183 -128.480198248343 -131.531770741083 -135 -138.945186229038 
            -143.426969021481 -148.495733280796 -154.179008025811 -160.463345061872 
            -167.275644314578 -174.472459848344 178.152389734005 170.837652954278 
            163.810793742973 157.249023657212 151.260204708312 145.885527054659 141.115503566285 
            136.909152432996 133.210089391754 129.957548930829 127.092837297042 124.562524648882 
            122.31961650818 120.32360686255 118.53998518796 116.939528063801 115.497551493338 
            114.193208987289 113.008870082823 111.929587750175 110.942650549988 110.037210169193 
            109.2039735055 108.434948822922 107.723236616886 -105.865707802774 -106.525796389926 
            -107.24145939894 -108.019769281777 -108.868999455061 -109.798876354525 
            -110.820892853311 -111.948699083527 -113.198590513648 -114.590117166196 
            -116.146841235581 -117.897271030948 -119.875992691689 -122.124998440388 
            -124.695153531234 -127.647620640108 -131.054813770962 -135 -139.573921259901 
            -144.865806943084 -150.945395900923 -157.833654177918 -165.46554491946 
            -173.65980825409 177.878903603339 169.508522987668 161.565051177078 154.290046219189 
            147.804266065287 142.125016348902 137.202598161766 132.954591511113 129.2894068625 
            126.11934084948 123.36636600106 120.963756532074 118.855661219717 116.995838394087 
            115.346175941947 113.875280853928 112.557246634706 111.370622269343 110.297569772229 
            109.323184318162 108.434948822922 107.622297228668 106.876264616711 106.189206257027 
            105.554571270074 -103.609731895812 -104.184294248271 -104.808377039042 
            -105.48850144291 -106.232350661156 -107.04903097211 -107.949402992914 
            -108.946504689509 -110.056094736575 -111.297354049034 -112.693794945092 
            -114.274441134439 -116.075355583949 -118.141601232262 -120.529705899934 
            -123.310630824561 -126.573030978519 -130.426078740099 -135 -140.440332031006 
            -146.888658039628 -154.440034828176 -163.072486935853 -172.568592028827 
            177.510447078001 167.735226272108 158.629377730657 150.524110996754 143.530765609948 
            137.6025622025 132.614055969611 128.418055344822 124.875328344602 121.865977693604 
            119.291362170984 117.072080237993 115.144785630679 113.459024081462 111.974507991472 
            110.658910063307 109.486129572466 108.434948822922 107.487997376149 106.630953706721 
            105.851928154287 105.140983835077 104.489762593884 103.891191171455 103.339248903363 
            -101.30993247402 -101.79342968491 -102.319445256637 -102.893744044882 
            -103.523160650416 -104.215853473674 -104.981632572391 -105.832386620422 
            -106.782644145271 -107.850318302217 -109.057704510128 -110.432828679399 
            -112.011283197919 -113.838740183172 -115.974393962431 -118.495638618245 
            -121.504266719204 -125.134193056916 -129.559667968994 -135 -141.709836807757 
            -149.931417178138 -159.775140568832 -171.027373385104 176.987212495817 
            165.256437163529 154.653824058053 145.619655276155 138.179830119864 132.137594773888 
            127.234833981575 123.231711067979 119.931511840508 117.181111085477 114.863696571752 
            112.890551656248 111.194056481542 109.722277764447 108.434948822922 107.300527191945 
            106.294047456599 105.395549253995 104.588918732875 103.861027563021 103.201087175706 
            102.600159826081 102.05078488341 101.546690545927 101.08256946303 -98.9726266148964 
            -99.3601908019133 -99.7824070318073 -100.244087446459 -100.750966993188 
            -101.30993247402 -101.929322177238 -102.619322293431 -103.392497753751 
            -104.26451229808 -105.255118703058 -106.389540334035 -107.700427788667 
            -109.230672375661 -111.037511025422 -113.198590513648 -115.820991974189 
            -119.054604099077 -123.111341960372 -128.290163192243 -135 -143.746162262555 
            -154.9831065219 -168.69006752598 176.18592516571 161.565051177078 149.036243467926 
            139.085616779975 131.423665625003 125.537677791974 120.963756532074 117.34987578007 
            114.443954780417 112.06789956241 110.095231191905 108.434948822922 107.02052561152 
            105.802513953936 104.743562836471 103.815025341262 102.994616791916 102.264773727892 
            101.611486423888 101.023455963743 100.491477012332 100.007979801441 99.5666859897144 
            99.1623470457217 98.7905431828139 -96.604835496754 -96.8924231224851 
            -97.2060570013833 -97.5494217682632 -97.9269266826896 -98.3438915840331 
            -98.8067926944353 -99.323591778138 -99.9041832129739 -100.561010691196 
            -101.30993247402 -102.171458208587 -103.172553423327 -104.349332042947 
            -105.751173663453 -107.447188423282 -109.536654938128 -112.166345822082 
            -115.559965171824 -120.068582821862 -126.253837737445 -135 -147.528807709152 
            -164.744881296942 174.805571092265 155.556045219583 140.7105931375 130.236358309274 
            122.905242922988 117.645975363739 113.749494492867 110.772254682046 108.434948822922 
            106.557071375637 105.018360631151 103.736268305623 102.652556500558 101.725112015165 
            100.922804719869 100.222168633636 99.6052041550129 99.0578881286176 98.5691418798376 
            98.130102354156 97.7335980990229 97.3737663613302 97.0457691248675 96.7455796474828 
            96.4698199851732 -94.2141785227341 -94.3987053549955 -94.6000956662633 
            -94.8207660780927 -95.0636168530301 -95.3321588816596 -95.6306827576353 
            -95.9644871012531 -96.3401917459099 -96.7661748225531 -97.2531946127253 
            -97.8152935467669 -98.4711446330148 -99.2461127455632 -100.175510843043 
            -101.30993247402 -102.724355685422 -104.53445508054 -106.927513064147 
            -110.224859431168 -115.0168934781 -122.471192290848 -135 -156.801409486352 
            171.869897645844 144.462322208026 127.874983651098 118.300755766006 112.38013505196 
            108.434948822922 105.642246457209 103.570434385161 101.976132444203 100.713123022791 
            99.6887865603668 98.8418145601917 98.130102354156 97.5238204386386 97.0012675574953 
            96.546290783294 96.1466256596467 95.7927964950321 95.4773687288289 95.1944289077348 
            94.9392155421262 94.7078522443722 94.4971516146678 94.304468960508 94.1275917025117 
            -91.808739322492 -91.888188006741 -91.974934010882 -92.0700306530411 
            -92.1747441146101 -92.2906100426385 -92.4195092166564 -92.563770211465 
            -92.7263109939063 -92.9108378261677 -93.1221304621157 -93.3664606634298 
            -93.6522227803063 -93.9909130984298 -94.3987053549955 -94.8990924537878 
            -95.5275401516562 -96.3401917459099 -97.4314079711725 -98.9726266148964 
            -101.30993247402 -105.255118703058 -113.198590513648 -135 161.565051177078 
            120.963756532074 108.434948822922 102.994616791916 100.007979801441 98.130102354156 
            96.8427734126309 95.9061411137705 95.1944289077348 94.6354634269026 94.1849161251184 
            93.8140748342904 93.5035316447845 93.2397002961021 93.0127875041833 92.8155566842112 
            92.6425452940647 92.4895529219991 92.3532968661083 92.2311746080312 92.1210963966615 
            92.021364940356 91.930587441167 91.8476102659946 91.7714697400341 -89.3969088056195 
            -89.3704013915897 -89.3414568224364 -89.309722802135 -89.2747757009407 
            -89.23610153907 -89.1930705448976 -89.1449026037333 -89.0906195508009 
            -89.0289780689208 -88.95837332399 -88.8766972859246 -88.7811247648687 
            -88.6677801461304 -88.5311992856142 -88.3634229583833 -88.1523897340054 
            -87.8789036033385 -87.5104470780009 -86.9872124958167 -86.1859251657096 
            -84.8055710922652 -81.869897645844 -71.565051177078 45 78.6900675259798 
            83.6598082540901 85.6012946450045 86.6335393365702 87.2736890060937 87.7093899573615 
            88.025065989118 88.2642954110716 88.451842301022 88.6028189727036 88.7269699799433 
            88.8308606720926 88.9190758133393 88.9949139947458 89.0608090542644 89.1185960034179 
            89.169684513742 89.2151753970081 89.2559407971113 89.2926806314557 89.3259631020155 
            89.3562542858246 89.3839400916008 89.4093427853533 -86.9872124958167 
            -86.855042535302 -86.7107573215082 -86.5526131481348 -86.3785152958827 
            -86.1859251657096 -85.9717363335149 -85.7321066997092 -85.4622274920933 
            -85.1559996249193 -84.8055710922652 -84.4006606634795 -83.9275435927923 
            -83.3674853848615 -82.6942404666892 -81.869897645844 -80.8376529542783 
            -79.5085229876684 -77.7352262721076 -75.2564371635293 -71.565051177078 
            -65.5560452195834 -54.4623222080256 -30.9637565320735 11.3099324740202 
            45 60.9453959009229 68.9624889745782 73.6104596659652 76.6075022462489 
            78.6900675259798 80.2175929681927 81.3843518158359 82.3039482779834 83.0470425318261 
            83.6598082540901 84.1736579704442 84.6106882400266 84.9868862449642 85.3141001604973 
            85.6012946450045 85.8553762588957 86.0817511359326 86.2847108945712 86.4677054161091 
            86.6335393365702 86.7845160082518 86.9225446005756 87.0492208909937 -84.588130847683 
            -84.3517526262647 -84.0938588862295 -83.8113840367584 -83.5006537203454 
            -83.1572265873691 -82.7756843059547 -82.3493490446406 -81.869897645844 
            -81.3268259521202 -80.7066914006029 -79.9920201985586 -79.1596945456694 
            -78.1785116593928 -77.0053832080835 -75.579226872489 -73.810793742973 
            -71.565051177078 -68.6293777306568 -64.6538240580533 -59.0362434679265 
            -50.7105931374996 -37.8749836510982 -18.434948822922 6.34019174590991 
            29.0546040990771 45 55.304846468766 62.1027289690524 66.8014094863518 
            70.2011236454751 72.75854060106 74.7448812969422 76.3286928678042 77.6192430711928 
            78.6900675259798 79.5922886875099 80.3624618870691 81.0273733851036 81.6070748126075 
            82.1168606832703 82.5685920288275 82.9716037610504 83.3333401090986 83.6598082540901 
            83.9559078377589 84.2256740973367 84.4724598483438 84.6990734834743 -82.2079219217816 
            -81.869897645844 -81.5014411205063 -81.098283967108 -80.6553280979003 
            -80.1664360357929 -79.6241550799489 -79.0193499898264 -78.340707346477 
            -77.5740571345725 -76.7014296695057 -75.6997225508144 -74.5387822595581 
            -73.1785901099591 -71.565051177078 -69.6235647861636 -67.2490236572124 
            -64.2900462191888 -60.5241109967542 -55.6196552761551 -49.0856167799749 
            -40.2363583092738 -28.3007557660064 -12.9946167919165 4.39870535499553 
            21.0375110254218 34.695153531234 45 52.5946433685914 58.2405199151872 
            62.5255683737229 65.8544580395783 68.4985656759521 70.6410058243053 72.4075754378184 
            73.8865817669107 75.1413855520753 76.2184027643464 77.1522951412823 77.9694039034621 
            78.6900675259798 79.3302171955033 79.9024956159247 80.4170552764674 80.8821372462042 
            81.3044971225752 81.6897228324758 82.0424747730829 82.3666694127687 -79.8544555661036 
            -79.4183644790562 -78.9435870197518 -78.4248111826038 -77.855721950433 
            -77.2287574350985 -76.5347919051883 -75.762719534239 -74.8989018386146 
            -73.9264258352536 -72.8240963842533 -71.565051177078 -70.1148348861445 
            -68.4286928087454 -66.4477363271054 -64.0934920004856 -61.260204708312 
            -57.8042660652868 -53.5307656099482 -48.1798301198642 -41.4236656250026 
            -32.9052429229879 -22.3801350519596 -10.0079798014414 3.3664606634298 
            16.3895403340348 27.8972710309476 37.4053566314086 45 51.0090059574945 
            55.7842978675626 59.6208739886317 62.7446716250569 65.3231368296629 67.4794343971031 
            69.3045492659367 70.8663567940945 72.2161115573075 73.393019421383 74.4274564031897 
            75.3432488842396 76.1593045083444 76.8907918018457 77.5500034921934 78.146995832256 
            78.6900675259798 79.186122486375 79.6409475119163 80.059426966887 -77.535067157935 
            -77.0053832080835 -76.4295656148385 -75.8014459761368 -75.1137331509825 
            -74.3577535427913 -73.523118606312 -72.5972958686438 -71.565051177078 
            -70.4077181089485 -69.1022345011611 -67.6198649480405 -65.9245017449211 
            -63.9704078084865 -61.6992442339936 -59.0362434679265 -55.8855270546587 
            -52.1250163489018 -47.6025622024998 -42.1375947738883 -35.5376777919744 
            -27.6459753637387 -18.434948822922 -8.13010235415595 2.72631099390627 
            13.3924977537511 23.1985905136482 31.7594800848128 38.9909940425055 45 
            49.9697407281103 54.0902769208223 57.5288077091515 60.4221613187387 62.8786965958413 
            64.9831065219 66.8014094863518 68.3852210572138 69.7751405688319 71.0033458445114 
            72.0955524937518 73.072486935853 73.9509952074668 74.7448812969422 75.4655449194599 
            76.122470196792 76.723602957684 77.2756443145776 77.7842808658691 -75.2564371635293 
            -74.6383836881514 -73.967660646064 -73.2374455381673 -72.4397279481993 
            -71.565051177078 -70.6021875514418 -69.5377284765778 -68.355564859286 
            -67.0362269401455 -65.5560452195834 -63.8860873697093 -61.9908232919861 
            -59.8264799703556 -57.3390872783262 -54.4623222080256 -51.1155035662854 
            -47.2025981617658 -42.6140559696112 -37.2348339815746 -30.9637565320735 
            -23.7494944928667 -15.6422464572087 -6.84277341263095 2.29061004263853 
            11.3099324740202 19.7988763545249 27.4744316262771 34.2157021324374 40.0302592718897 
            45 49.2363947990588 52.8533133019782 55.9540626433983 58.6269948598915 
            60.9453959009229 62.969139740157 64.7468366054261 66.3179122754616 67.7144123531672 
            68.9624889745782 70.0835940061909 71.0954241573883 72.0126653479386 72.8475782597882 
            73.6104596659652 74.3100070709161 74.9536081678015 75.547571748907 -73.0245005320702 
            -72.3238913013465 -71.565051177078 -70.7407083562329 -69.8423891054552 
            -68.8601751913424 -67.7824057304817 -66.5953104489677 -65.2825590889166 
            -63.8247100182401 -62.1985412200659 -60.3762512488262 -58.3245312618908 
            -56.0035408517495 -53.3658861240326 -50.3558250428552 -46.9091524329964 
            -42.9545915111128 -38.418055344822 -33.2317110679793 -27.3498757800699 
            -20.7722546820459 -13.5704343851615 -5.9061411137705 1.97493401088198 
            9.78240703180729 17.24145939894 24.1455419604217 30.3791260113683 35.9097230791777 
            40.7636052009412 45 48.6913859864513 51.9112271190247 54.7275785514016 
            57.2004687273808 59.3813945910906 61.3138524262606 63.0342855671298 64.5731258304102 
            65.9557767306322 67.2034785320574 68.3340412767098 69.3624530153122 70.3013786254197 
            71.1615664420192 71.9521789312289 72.6810615684853 73.3549617853241 -70.8443875545603 
            -70.0674634380605 -69.2277453179541 -68.317708386755 -67.3286563780192 
            -66.2505055071333 -65.0715258645387 -63.7780332224455 -62.3540246362613 
            -60.7807533095154 -59.0362434679265 -57.0947570770121 -54.9262455066517 
            -52.4958576397299 -49.7636416907262 -46.6846843178963 -43.2100893917539 
            -39.2894068625004 -34.8753283446022 -29.9315118405078 -24.4439547804166 
            -18.434948822922 -11.9761324442034 -5.19442890773479 1.73570458892839 
            8.61564818416411 15.2551187030578 21.5014343240479 27.2553283749431 32.4711922908485 
            37.1466866980218 41.3086140135487 45 48.2704879231836 51.1701750950296 
            53.7461622625552 56.0409401803237 58.0918930643468 59.9314171781376 61.5873385569274 
            63.0834453830487 64.4400348281762 65.6744247608739 66.8014094863518 67.8336541779175 
            68.7820304232214 69.6558987440816 70.4633450618716 71.2113780178315 -68.7203955723046 
            -67.8736651906267 -66.9605640200965 -65.9734934213208 -64.9037495373078 
            -63.7413404451927 -62.4747742562557 -61.0908163488522 -59.5742161980388 
            -57.9074086712658 -56.0702025779394 -54.0394828033551 -51.7889745744388 
            -49.289153328819 -46.507435758775 -43.4088597288054 -39.9575489308291 
            -36.1193408494797 -31.8659776936037 -27.1811110854772 -22.0678995624102 
            -16.5570713756367 -10.713123022791 -4.63546342690262 1.54815769897797 
            7.69605172201657 13.6713071321958 19.3589941756947 24.6768631703371 29.5778386812613 
            34.0459373566017 38.0887728809753 41.7295120768164 45 47.9356734464212 
            50.5721978039638 52.9434718105904 55.0805979875423 57.0114783863654 58.7607851117912 
            60.3501364924244 61.7983717813053 63.1218602479014 64.3348085378264 65.4495476107926 
            66.4767909795404 67.4258619213518 68.3048905392031 69.1209831194426 -66.6559890384225 
            -65.7460802756834 -64.7671686767916 -63.7117378750998 -62.5712587783224 
            -61.3360428897184 -59.995079129176 -58.5358563691343 -56.9441771884464 
            -55.2039737217317 -53.2971449698369 -51.2034479016918 -48.9004937423819 
            -46.3639275316029 -43.5679038158353 -40.4860115419987 -37.0928372970416 
            -33.3663660010596 -29.2913621709843 -24.8636965717519 -20.0952311919048 
            -15.0183606311506 -9.68878656036679 -4.18491612511843 1.39718102729638 
            6.95295746817392 12.3807569288072 17.5924245621816 22.5205656028969 27.1213034041587 
            31.3730051401085 35.2724214485984 38.8298249049704 42.0643265535788 45 
            47.6630007660671 50.0796078600146 52.2750049578893 54.2726017772003 56.0937230115578 
            57.7575321608767 59.2810957359708 60.6795241224193 61.9661481085362 63.1527058866512 
            64.2495258726817 65.2656974709475 66.2092261342228 67.0871716032283 -64.6538240580533 
            -63.6873515052112 -62.6501242199301 -61.5348378573452 -60.3332847930536 
            -59.0362434679265 -57.633361935275 -56.1130405359483 -54.4623222080256 
            -52.6668042618141 -50.7105931374996 -48.5763343749974 -46.2453642667683 
            -43.6980473274211 -40.9143832200251 -37.8749836510982 -34.5625246488818 
            -30.9637565320735 -27.0720802379927 -22.8905516562483 -18.434948822922 
            -13.7362683056226 -8.84181456019166 -3.81407483429035 1.27303002005671 
            6.34019174590991 11.3099324740202 16.1134182330893 20.6954507340633 25.0168934781 
            29.0546040990771 32.7995312726192 36.2538377374448 39.4278021960362 42.3369992339329 
            45 47.4366482468101 49.666858371439 51.7098368077569 53.583621480114 
            55.304846468766 56.888658039628 58.3487271132874 59.6973192795119 60.9453959009229 
            62.1027289690524 63.1780187984185 64.1790080258107 65.1125882890755 -62.7157927063769 
            -61.6992442339936 -60.6109885336796 -59.4440357244922 -58.1906107122069 
            -56.8420761153278 -55.3888578154696 -53.8203795520211 -52.1250163489018 
            -50.2900812053713 -48.301865674435 -46.1457628381751 -43.806510576018 
            -41.2686030008396 -38.5169263071028 -35.5376777919744 -32.3196165081802 
            -28.8556612197165 -25.1447856306789 -21.1940564815423 -17.0205256115199 
            -12.652556500558 -8.13010235415595 -3.50353164478446 1.16913932790742 
            5.82634202955578 10.4077113124901 14.8586144479247 19.1336432059055 23.1985905136482 
            27.030860259843 30.6186054089094 33.9590598196763 37.0565281894096 39.9203921399854 
            42.5633517531899 45 47.2457425658951 49.3160275198656 51.2258290644258 
            52.9893267663969 54.6197277996989 56.1291892896112 57.5288077091515 58.8286509722802 
            60.0378159035823 61.1644991522569 62.2160735877907 63.1991650530454 -60.843082117687 
            -59.7827260426156 -58.650419134757 -57.4395620188466 -56.1428898583393 
            -54.7524249416538 -53.2594379798788 -51.6544250460066 -49.927109947649 
            -48.0664855011259 -46.0609116902642 -43.8982938847936 -41.5663696375495 
            -39.0531369460265 -36.3474582088853 -33.4398692057823 -30.32360686255 
            -26.9958383940866 -23.4590240814616 -19.722277764447 -15.8025139539355 
            -11.7251120151651 -7.52382043863861 -3.23970029610211 1.08092418666069 
            5.38931175997341 9.63753811293095 13.7815972356536 17.7838884426925 21.6147789427862 
            25.2531633945739 28.6861475737394 31.9081069356532 34.9194020124577 37.7249950421107 
            40.333141628561 42.7542574341049 45 47.0825652797309 49.014175695411 
            50.8067269055316 52.4715591765924 54.0193224313817 55.4599090929291 56.8024342077836 
            58.0552472237966 59.2259638987518 60.3215100748648 61.3481715473513 -59.0362434679265 
            -57.9380563171865 -56.7682889320207 -55.5207843138743 -54.1888360773588 
            -52.7651660184254 -51.241914347415 -49.6106493186606 -47.8624052261118 
            -45.9877603996398 -43.9769698113322 -41.8201698801358 -39.5076754428725 
            -37.0303896056786 -34.3803447238449 -31.5513849483135 -28.53998518796 
            -25.3461759419467 -21.974507991472 -18.434948822922 -14.7435628364707 
            -10.9228047198692 -7.00126755749534 -3.01278750418334 1.00508600525418 
            5.01311375503581 8.97262661489639 12.8477048587177 16.606980578617 20.2248594311681 
            23.6820877245384 26.9657144328701 30.0685828218625 32.9885216136346 35.7273982227997 
            38.2901631922431 40.6839724801344 42.9174347202691 45 46.9414863909144 
            48.751729070526 50.4403320310055 52.0165017447229 53.4889438805047 54.8658069430844 
            56.1546597389283 57.3624924157143 58.4957332807958 59.5602756193569 -57.2952664229982 
            -56.1648801775486 -54.9638041899072 -53.6863545812366 -52.3264066601695 
            -50.8773926066431 -49.3323139831885 -47.683775159469 -45.9240453527727 
            -44.0451587461278 -42.0390638658363 -39.8978347476418 -37.6139568487328 
            -35.1806993612421 -32.5925814725992 -29.8459319496874 -26.9395280638008 
            -23.8752808539275 -20.6589100633075 -17.300527191945 -13.8150253412616 
            -10.2221686336361 -6.54629078329401 -2.81555668421123 0.93919094573558 
            4.6858998395027 8.3929251873925 12.0305960965379 15.5725435968103 18.9966541554886 
            22.2855876468328 25.4268741695898 28.4126614430726 31.2392148882088 33.9062769884422 
            36.4163785198861 38.7741709355742 40.985824304589 43.0585136090856 45 
            46.8183029644518 48.5214533769222 50.1173148499726 51.6134604823148 53.0170930736553 
            54.3349984631382 55.5735234185609 56.7385712067223 57.8356094864014 -55.6196552761551 
            -54.4623222080256 -53.2356193242095 -51.9343489012696 -50.5529710330368 
            -49.0856167799749 -47.5261169116196 -45.8680514497455 -44.1048262897889 
            -42.2297842027998 -40.2363583092738 -38.1182763693631 -35.8698235177213 
            -33.486168815513 -30.9637565320735 -28.3007557660064 -25.4975514933378 
            -22.5572466347057 -19.4861295724658 -16.2940474565989 -12.9946167919165 
            -9.60520415501293 -6.14662565964665 -2.64254529406475 0.881403996582138 
            4.39870535499553 7.88313931672973 11.3099324740202 14.6567511157604 17.9044475062482 
            21.0375110254218 24.0442232693678 26.9165546169513 29.6498635075756 32.2424678391233 
            34.695153531234 37.0106732336031 39.1932730944684 41.248270929474 43.1816970355482 
            45 46.7098140441415 48.3177811683348 49.8304199582899 51.2540327439165 
            52.5946433685914 53.8579587636283 55.0493485881249 56.1738382418147 -54.0085037420251 
            -52.8290765100596 -51.581944655178 -50.2623953995951 -48.8654611698518 
            -47.3859440303888 -45.8184554616886 -44.1574757392596 -42.3974377975002 
            -40.5328409386107 -38.558399900665 -36.4692343900518 -34.2611028990946 
            -31.9306821037178 -29.4758890032458 -26.8962369654934 -24.1932089872888 
            -21.3706222693432 -18.434948822922 -15.3955492539951 -12.2647737278924 
            -9.05788812861766 -5.79279649503218 -2.48955292199918 0.830315486258011 
            4.14462374110429 7.43140797117251 10.6697828044967 13.8406954916556 16.927513064147 
            19.9164059938091 22.7965214679426 25.5599651718238 28.2016282186947 30.7189042640292 
            33.111341960372 35.3802722003011 37.5284408234076 39.5596679689945 41.4785466230778 
            43.2901859558585 45 46.6135389328812 48.1363583683326 49.5739212599009 
            50.9315269249198 52.2142620392068 53.4269690214807 54.5742278850918 -52.4605661261684 
            -51.2634906143346 -50.0006445975584 -48.6677880555314 -47.2605019111413 
            -45.7742201649281 -44.2042764472607 -42.5459683254729 -40.7946429982914 
            -38.9458081058851 -36.9952711427072 -34.939310204677 -32.7748773242643 
            -30.4998332334474 -28.113208876056 -25.6154843206422 -23.0088700828229 
            -20.2975697722287 -17.4879973761485 -14.5889187328746 -11.6114864238885 
            -8.56914187983762 -5.47736872882888 -2.35329686610828 0.784824602991888 
            3.91824886406738 7.0283962389496 10.0975043840753 13.1092081981543 16.0490047925332 
            18.9045758426117 21.6659587232902 24.3255752391261 26.8781397520986 29.3204758775808 
            31.6512728867126 33.8708107103888 35.9806775686183 37.9834982552771 39.8826851500274 
            41.6822188316652 43.3864610671188 45 46.5275254422129 47.9737310824801 
            49.3432399516894 50.6405494321568 51.8699923082143 53.0357107105348 -50.9743232864806 
            -49.7636416907262 -48.4893249057964 -47.1475854282985 -45.7345210342548 
            -44.2461516669292 -42.6784694101673 -41.0275040592493 -39.2894068625004 
            -37.4605548604907 -35.5376777919744 -33.5180086452519 -31.3994574833413 
            -29.1808060524999 -26.8619178444027 -24.4439547804166 -21.9295877501754 
            -19.3231843181618 -16.6309537067214 -13.8610275630211 -11.0234559637431 
            -8.13010235415595 -5.19442890773479 -2.23117460803127 0.74405920288871 
            3.71528910542877 6.66665989090137 9.58294472353257 12.4499965078066 15.2551187030578 
            17.9873346520615 20.6375469846878 23.1985905136482 25.6651914621736 28.0338518914638 
            30.3026807204881 32.4711922908485 34.5400909070709 36.5110561194953 38.3865395176853 
            40.1695800417101 41.8636416316674 43.4724745577871 45 46.4502162909334 
            47.8271245781613 49.1346713737364 50.3767054280507 51.5569464981634 -49.5480424091254 
            -48.3274042417266 -47.0454084888872 -45.6986943829835 -44.2838400545296 
            -42.7974018382342 -41.2359651350943 -39.5962086397503 -37.8749836510982 
            -36.069409899581 -34.1769887737929 -32.1957339347132 -30.1243179983612 
            -27.9622322043743 -25.7099537808112 -23.3691131634821 -20.9426505499883 
            -18.434948822922 -15.851928154287 -13.2010871757056 -10.4914770123316 
            -7.73359809902286 -4.93921554212619 -2.12109639666147 0.707319368544257 
            3.53229458389089 6.34019174590991 9.11786275379579 11.853004167744 14.5344550805401 
            17.1524217402118 19.6986213745803 22.1663458220825 24.5504523892074 26.8472941133488 
            29.0546040990771 31.1713490277198 33.1975657922165 35.1341930569156 36.9829069263447 
            38.7459672560835 40.4260787400991 42.0262689175199 43.5497837090666 45 
            46.3803540734445 47.6942842898561 48.9451862290376 50.1363784924277 -48.1798301198642 
            -46.9525090493996 -45.6661999701831 -44.3179396068273 -42.9047474353762 
            -41.4236656250026 -39.8718089581472 -38.246425964469 -36.5449723228226 
            -34.7651972365768 -32.9052429229879 -30.9637565320735 -28.9400126928394 
            -26.8340434707745 -24.6467708519311 -22.3801350519596 -20.037210169193 
            -17.6222972286683 -15.1409838350769 -12.6001598260807 -10.0079798014414 
            -7.37376636133024 -4.70785224437225 -2.02136494035602 0.674036897984505 
            3.3664606634298 6.04409216224111 8.69550287742477 11.3099324740202 13.877529803208 
            16.3895403340348 18.8384335579808 21.2179695767786 23.5232090204596 25.7504741273183 
            27.8972710309476 29.9621840964178 31.9447527762034 33.8453402610717 35.6650015368618 
            37.4053566314086 39.0684730750802 40.6567600483106 42.1728754218387 43.6196459265555 
            45 46.3169124057933 47.5733594631768 48.7722836093798 -46.8676788394342 
            -45.6365935759635 -44.3489396197705 -43.0021201435233 -41.5935562450053 
            -40.1207262169933 -38.5812132697612 -36.972762489568 -35.2933475906603 
            -33.5412476541228 -31.7151335150978 -29.8141627377987 -27.8380811971347 
            -25.7873281828143 -23.6631407081944 -21.467651439099 -19.2039735055001 
            -16.8762646167112 -14.4897625938844 -12.0507848834096 -9.56668598971441 
            -7.04576912486749 -4.49715161466776 -1.93058744116701 0.643745714175381 
            3.21548399174821 5.77432590266327 8.31027716752419 10.813877513625 13.276397042316 
            15.6899929290839 18.0478210687711 20.3441012559184 22.5741380786482 24.7343025290525 
            26.8219812015815 28.8355008477431 30.7740361012482 32.6375075842857 34.4264765814391 
            36.1420412363717 37.7857379607932 39.3594505678432 40.8653286262636 42.3057157101439 
            43.6830875942067 45 46.2590452071753 47.4628166759168 -45.6095065766752 
            -44.3772443127937 -43.0908475670036 -41.7480543996361 -40.3466484127316 
            -38.8844964337146 -37.3595932389733 -35.7701137562723 -34.1144729453413 
            -32.3913932066338 -30.5999786932089 -28.739795291688 -26.8109543003487 
            -24.8141969905352 -22.7509763427876 -20.6235313833253 -18.434948822922 
            -16.189206257027 -13.8911911714549 -11.5466905459273 -9.16234704572173 
            -6.74557964748283 -4.30446896050796 -1.8476102659946 0.61605990839923 
            3.07745539942438 5.52754015165617 7.95752522691714 10.3590524880837 12.7243556854224 
            15.0463918321985 17.3189384315147 19.5366549381284 21.6951094607969 23.7907738657772 
            25.8209919741893 27.7839264122093 29.6784899251352 31.5042667192042 33.2614287932777 
            34.9506514118751 36.5730309785193 38.1300076917857 39.6232945719493 41.0548137709624 
            42.4266405368232 43.7409547928247 45 46.20604877922 -44.4031905487708 
            -43.172031755695 -41.8891593465092 -40.5526151499095 -39.1605076884825 
            -37.7110476763899 -36.2025892900089 -34.6336773965495 -33.0031006920764 
            -31.3099503825345 -29.5536836323075 -27.7341905049854 -25.8518625420604 
            -23.9076604941725 -21.9031780818391 -19.8406980839683 -17.7232366168863 
            -15.5545712700744 -13.3392489033634 -11.0825694630296 -8.79054318281396 
            -6.46981998517316 -4.12759170251172 -1.77146974003409 0.590657214646671 
            2.95077910900635 5.30092651652569 7.6333305872313 9.94057303311303 12.2157191341309 
            14.452428251093 16.6450382146759 18.7886219821685 20.8790168805574 22.9128283967717 
            24.8874117109245 26.8008349469546 28.6518284526488 30.4397243806431 32.1643905135986 
            33.8261617581853 35.4257721149082 36.9642892894652 38.4430535018366 39.8636215075723 
            41.2277163906202 42.5371833240832 43.79395122078 45 
yvals     = -51.8495670133864 -52.5901624102186 -53.3170113783632 -54.0287629459482 
            -54.7239914463023 -55.4011963226176 -56.0588030681856 -56.6951655711619 
            -57.3085701574194 -57.897241641002 -58.4593516941467 -58.993029832122 
            -59.4963772661175 -59.9674838041841 -60.4044478709805 -60.805399569456 
            -61.1685265231012 -61.4921020228095 -61.7745147708648 -62.0142992857824 
            -62.2101658309105 -62.361028585032 -62.4660307118201 -62.5245650280139 
            -62.5362891276815 -62.5011340873732 -62.4193062338245 -62.2912818676663 
            -62.1177952598697 -61.8998206269997 -61.6385491070189 -61.3353619714238 
            -60.991801409345 -60.6095402079969 -60.1903515476983 -59.736079953376 
            -59.2486142262402 -58.7298629463194 -58.1817329114193 -57.6061106773016 
            -57.0048471973288 -56.3797454314729 -55.7325507038312 -55.064943530859 
            -54.3785346139386 -53.6748616835172 -52.9553878919159 -52.2215014727374 
            -51.4745164122043 -52.5901624102186 -53.3501123253717 -54.0966736920758 
            -54.8284595455542 -55.5439995340883 -56.2417386486087 -56.9200370833244 
            -57.5771715416676 -58.211338340821 -58.8206586996183 -59.4031866126561 
            -59.9569197106097 -60.4798134744305 -60.9697991003137 -61.4248051947994 
            -61.8427833092847 -62.2217370994049 -62.5597546229835 -62.8550429853763 
            -63.1059642279274 -63.3110710681157 -63.4691408791544 -63.5792061831782 
            -63.6405799594583 -63.6528742558918 -63.6160109353117 -63.5302238606529 
            -63.3960523755736 -63.2143265064845 -62.9861448317171 -62.7128463763585 
            -62.3959781582173 -62.0372601163572 -61.6385491070189 -61.2018034796755 
            -60.7290494867527 -60.2223504756547 -59.6837794990133 -59.1153956882832 
            -58.5192244867716 -57.897241641002 -57.2513607059991 -56.5834237268503 
            -55.8951947084623 -55.1883554689705 -54.4645034808691 -53.7251513295613 
            -52.9717274549382 -52.2055778825348 -53.3170113783632 -54.0966736920758 
            -54.8633686941429 -55.6156774164071 -56.352088374525 -57.0709950023035 
            -57.7706941709302 -58.44938615333 -59.1051764510534 -59.736079953376 
            -60.3400279385806 -60.9148784463048 -61.4584305358132 -61.9684428849967 
            -62.4426570655128 -62.8788256394958 -63.2747449565481 -63.6282921889993 
            -63.937465743981 -64.2004277631823 -64.4155470110361 -64.5814401172156 
            -64.6970089413385 -64.7614718207624 -64.7743866796486 -64.735664420394 
            -64.6455716508879 -64.5047225520315 -64.314060465891 -64.0748304871726 
            -63.7885448852132 -63.4569435159299 -63.0819514859281 -62.665636222704 
            -62.2101658309105 -61.7177702344749 -61.1907061788538 -60.6312267493514 
            -60.0415556885217 -59.4238664909119 -58.7802660253541 -58.1127822814982 
            -57.4233557491504 -56.7138339036379 -55.9859682744229 -55.2414136051099 
            -54.4817286603008 -53.7083782902266 -52.9227364217048 -54.0287629459482 
            -54.8284595455542 -55.6156774164071 -56.3889706671654 -57.1467914404739 
            -57.8874858147649 -58.6092906903353 -59.3103320633618 -59.9886251708558 
            -60.6420770685545 -61.2684922744524 -61.8655821617552 -62.4309788015059 
            -62.9622539186787 -63.4569435159299 -63.9125785168527 -64.3267214709249 
            -64.6970089413385 -65.021198677538 -65.2972200919422 -65.5232259752324 
            -65.6976428786639 -65.819217258288 -65.8870544016687 -65.9006474017487 
            -65.8598940163406 -65.7651001077877 -65.6169693922291 -65.4165803005881 
            -65.1653517147573 -64.8650000670877 -64.5174907023804 -64.124986481656 
            -63.6897963933985 -63.2143265064845 -62.7010350422213 -62.1523927501583 
            -61.5708492155019 -60.9588052528699 -60.318591175377 -59.6524504733551 
            -58.962528283289 -58.2508639570872 -57.5193870342689 -56.7699159555192 
            -56.004158918602 -55.2237163536668 -54.4300845749502 -53.6246602433322 
            -54.7239914463023 -55.5439995340883 -56.352088374525 -57.1467914404739 
            -57.9265306313359 -58.6896103950258 -59.4342126648191 -60.1583930510527 
            -60.8600788329738 -61.5370694081145 -62.1870399672673 -62.8075492595455 
            -63.3960523755736 -63.9499194831173 -64.4664613689553 -64.9429624419374 
            -65.3767215066199 -65.7651001077877 -66.1055775785445 -66.3958111358062 
            -66.6336985336621 -66.8174400223941 -66.9455958097229 -67.0171350213449 
            -67.0314724142522 -66.988489841575 -66.8885406408064 -66.7324365651366 
            -66.5214183838926 -66.2571126126476 -65.9414778064943 -65.5767443522801 
            -65.1653517147573 -64.7098867000642 -64.213025624692 -63.6774824636037 
            -63.1059642279274 -62.5011340873732 -61.8655821617552 -61.2018034796755 
            -60.512182333275 -59.7989821221736 -59.0643397465133 -58.3102636473413 
            -57.5386346752472 -56.7512090736711 -55.9496229759834 -55.1353979248979 
            -54.3099470228268 -55.4011963226176 -56.2417386486087 -57.0709950023035 
            -57.8874858147649 -58.6896103950258 -59.4756390259053 -60.2437056214985 
            -60.991801409345 -61.7177702344749 -62.4193062338245 -63.0939547906306 
            -63.7391178358999 -64.3520646963629 -64.9299497643274 -65.4698382437095 
            -65.9687410599568 -66.4236596601447 -66.8316408337474 -67.1898408410623 
            -67.4955970764873 -67.7465043103111 -67.9404914045253 -68.0758934974405 
            -68.1515142256863 -68.1666727842993 -68.1212315931666 -68.015601966559 
            -67.8507272419682 -67.6280449761596 -67.3494316975224 -67.0171350213449 
            -66.6336985336621 -66.2018847345856 -65.7246006413454 -65.2048295982201 
            -64.6455716508879 -64.0497937052882 -63.4203897319823 -62.7601505566644 
            -62.0717423025974 -61.3576922926322 -60.6203811309247 -59.8620397175672 
            -59.0847500580205 -58.2904488774073 -57.4809332111691 -56.6578673010484 
            -55.8227902686933 -54.9771241635323 -56.0588030681856 -56.9200370833244 
            -57.7706941709302 -58.6092906903353 -59.4342126648191 -60.2437056214985 
            -61.0358646415503 -61.8086250855645 -62.5597546229835 -63.286847389784 
            -63.9873213202117 -64.6584199344706 -65.2972200919422 -65.9006474017487 
            -66.4655010655571 -66.988489841575 -67.4662804833557 -67.8955593453959 
            -68.2731068096351 -68.595882781651 -68.8611198331287 -69.0664188411874 
            -69.2098405123484 -69.2899853479998 -69.3060547342419 -69.2578870887544 
            -69.1459652888057 -68.9713945877978 -68.7358533601667 -68.4415217104627 
            -68.0909947806876 -67.6871882710755 -67.2332433036643 -66.7324365651366 
            -66.1881000263861 -65.6035528033547 -64.982046165549 -64.3267214709249 
            -63.6405799594583 -62.9264628478288 -62.1870399672673 -61.4248051947994 
            -60.6420770685545 -59.8410031884071 -59.0235672387664 -58.1915977012967 
            -57.3467775347457 -56.4906542789599 -55.6246501886326 -56.6951655711619 
            -57.5771715416676 -58.44938615333 -59.3103320633618 -60.1583930510527 
            -60.991801409345 -61.8086250855645 -62.6067550072157 -63.3838932207807 
            -64.137542712125 -64.8650000670877 -65.5633524627658 -66.229480833352 
            -66.8600713891493 -67.4516379177736 -68.00055736708 -68.5031209773589 
            -68.9556025604606 -69.3543442993044 -69.695858615777 -69.9769423131649 
            -70.1947966109703 -70.3471443218737 -70.4323338714672 -70.4494197090005 
            -70.398210249476 -70.2792777578807 -70.0939289955327 -69.8441401053775 
            -69.5324631473261 -69.1619141644954 -68.7358533601667 -68.2578670515714 
            -67.7316590299316 -67.1609564088273 -66.5494325313667 -65.9006474017487 
            -65.2180045811015 -64.5047225520315 -63.7638181220888 -62.9980993722663 
            -62.2101658309105 -61.4024138560379 -60.5770455595832 -59.736079953376 
            -58.8813653092017 -58.0145919909329 -57.137305232645 -56.2509175060304 
            -57.3085701574194 -58.211338340821 -59.1051764510534 -59.9886251708558 
            -60.8600788329738 -61.7177702344749 -62.5597546229835 -63.3838932207807 
            -64.1878368657776 -64.9690106305704 -65.7246006413454 -66.4515447594369 
            -67.146529297741 -67.8059944856551 -68.4261518970385 -69.0030173947766 
            -69.5324631473261 -70.0102917163823 -70.4323338714672 -70.7945694936638 
            -71.0932676994857 -71.3251384531415 -71.4874841085891 -71.5783365006769 
            -71.5965644200122 -71.5419382731346 -71.4151434656551 -71.2177407094953 
            -70.9520785424021 -70.62116920337 -70.2285424106991 -69.7780921274588 
            -69.2739294766704 -68.7202515112323 -68.1212315931666 -67.4809335294017 
            -66.8032488315188 -66.0918546607152 -65.3501890961768 -64.5814401172156 
            -63.7885448852132 -62.9741963498927 -62.1408547374527 -61.2907620100376 
            -60.4259578639988 -59.5482962356223 -58.6594616035347 -57.7609846232344 
            -56.8542568121013 -57.897241641002 -58.8206586996183 -59.736079953376 
            -60.6420770685545 -61.5370694081145 -62.4193062338245 -63.286847389784 
            -64.137542712125 -64.9690106305704 -65.7786167389732 -66.5634535355326 
            -67.3203230868218 -68.0457250586156 -68.7358533601667 -69.386605500355 
            -69.9936095163146 -70.5522737756795 -71.0578647379259 -71.5056164817137 
            -71.8908730812227 -72.2092605659708 -72.4568794865991 -72.6305029367838 
            -72.7277597995474 -72.7472808494514 -72.6887876126693 -72.5531108454893 
            -72.3421358151696 -72.0586826391377 -71.7063388425389 -71.2892659714826 
            -70.8120020406458 -70.2792777578807 -69.695858615777 -69.0664188411874 
            -68.3954480940195 -67.6871882710755 -66.9455958097229 -66.1743241915933 
            -65.3767215066199 -64.5558385746293 -63.7144439513234 -62.8550429853763 
            -61.9798988445373 -61.091054050326 -60.1903515476983 -59.2794547009697 
            -58.3598658707356 -57.4329434100759 -58.4593516941467 -59.4031866126561 
            -60.3400279385806 -61.2684922744524 -62.1870399672673 -63.0939547906306 
            -63.9873213202117 -64.8650000670877 -65.7246006413454 -66.5634535355326 
            -67.3785815814099 -68.1666727842993 -68.9240571123446 -69.6466909268302 
            -70.330154048113 -70.9696658313707 -71.5601278040579 -72.096200927437 
            -72.5724247254782 -72.9833826128223 -73.3239121467359 -73.5893506223467 
            -73.7757965150592 -73.8803581705078 -73.9013561890359 -73.8384481544292 
            -73.6926547199439 -73.4662825087568 -73.1627571034815 -72.7863932593227 
            -72.3421358151696 -71.8353031129098 -71.2713572722744 -70.6557157792951 
            -69.9936095163146 -69.2899853479998 -68.5494471684959 -67.7762275432427 
            -66.9741820176793 -66.146799080356 -65.2972200919422 -64.4282648594555 
            -63.5424597527847 -62.6420662520983 -61.7291085731003 -60.805399569456 
            -59.8725644972839 -58.932062484822 -57.9852057154819 -58.993029832122 
            -59.9569197106097 -60.9148784463048 -61.8655821617552 -62.8075492595455 
            -63.7391178358999 -64.6584199344706 -65.5633524627658 -66.4515447594369 
            -67.3203230868218 -68.1666727842993 -68.9871995228163 -69.7780921274588 
            -70.5350908553592 -71.2534668637951 -71.9280208115659 -72.5531108454893 
            -73.122722061159 -73.6305899118184 -74.0703876076646 -74.4359808638394 
            -74.7217416411127 -74.922896736216 -75.0358708095528 -75.058572671779 
            -74.9905746173597 -74.8331501959531 -74.5891628381818 -74.2628274057542 
            -73.8593888629417 -73.384770534332 -72.8452388544363 -72.2471171596085 
            -71.5965644200122 -70.8994207874728 -70.161112651698 -69.386605500355 
            -68.5803920418525 -67.7465043103111 -66.8885406408064 -66.0097007106024 
            -65.112823887811 -64.2004277631823 -63.2747449565481 -62.3377571451885 
            -61.3912258349975 -60.4367197612588 -59.4756390259053 -58.5092361996994 
            -59.4963772661175 -60.4798134744305 -61.4584305358132 -62.4309788015059 
            -63.3960523755736 -64.3520646963629 -65.2972200919422 -66.229480833352 
            -67.146529297741 -68.0457250586156 -68.9240571123446 -69.7780921274588 
            -70.6039206970347 -71.3971052412714 -72.1526356016892 -72.8649015721834 
            -73.5276954974029 -74.1342620748984 -74.6774153501761 -75.1497424041679 
            -75.5439064870298 -75.8530467413523 -76.0712469844827 -76.1940170249605 
            -76.218707226917 -76.1447735408708 -75.9738338192461 -75.7095022507487 
            -75.3570400378429 -74.922896736216 -74.4142264150896 -73.8384481544292 
            -73.2028929036021 -72.5145509176524 -71.7799136145961 -71.0048927551735 
            -70.1947966109703 -69.3543442993044 -68.4877031069081 -67.5985376780091 
            -66.6900635237689 -65.7651001077877 -64.8261207758741 -63.8752981580803 
            -62.9145445382776 -61.9455472068624 -60.9697991003137 -59.9886251708558 
            -59.0032049781472 -59.9674838041841 -60.9697991003137 -61.9684428849967 
            -62.9622539186787 -63.9499194831173 -64.9299497643274 -65.9006474017487 
            -66.8600713891493 -67.8059944856551 -68.7358533601667 -69.6466909268302 
            -70.5350908553592 -71.3971052412714 -72.2281781555823 -73.0230705896527 
            -73.7757965150592 -74.4795855994424 -75.1268952953674 -75.7095022507487 
            -76.218707226917 -76.6456837577797 -76.9819822475464 -77.2201640595257 
            -77.3544888558592 -77.3815308366289 -77.3005830423251 -77.1137442331896 
            -76.8256644240516 -76.4430179051813 -75.9738338192461 -75.4268224904752 
            -74.8108001369693 -74.1342620748984 -73.4051089641726 -72.6305029367838 
            -71.8168199763157 -70.9696658313707 -70.0939289955327 -69.1938517455595 
            -68.2731068096351 -67.3348722430193 -66.3819005485626 -65.4165803005881 
            -64.4409898613917 -63.4569435159299 -62.4660307118201 -61.4696492293149 
            -60.469033117278 -59.4652761771987 -60.4044478709805 -61.4248051947994 
            -62.4426570655128 -63.4569435159299 -64.4664613689553 -65.4698382437095 
            -66.4655010655571 -67.4516379177736 -68.4261518970385 -69.386605500355 
            -70.330154048113 -71.2534668637951 -72.1526356016892 -73.0230705896527 
            -73.8593888629417 -74.6553024298053 -75.4035230517815 -76.0957109997085 
            -76.7225092826046 -77.2737184545678 -77.7386723467704 -78.1068587797073 
            -78.3687775623939 -78.5169390627934 -78.5468073739809 -78.4574402746886 
            -78.2516287701306 -77.9354903729653 -77.5176469517144 -77.0082242233834 
            -76.4179048506022 -75.7571832924424 -75.0358708095528 -74.2628274057542 
            -73.4458648538312 -72.5917613166817 -71.7063388425389 -70.7945694936638 
            -69.8606886713983 -68.9083036335999 -67.9404914045253 -66.9598840131854 
            -65.9687410599568 -64.9690106305704 -63.9623799856631 -62.9503175299789 
            -61.9341074748633 -60.9148784463048 -59.8936271101215 -60.805399569456 
            -61.8427833092847 -62.8788256394958 -63.9125785168527 -64.9429624419374 
            -65.9687410599568 -66.988489841575 -68.00055736708 -69.0030173947766 
            -69.9936095163146 -70.9696658313707 -71.9280208115659 -72.8649015721834 
            -73.7757965150592 -74.6553024298053 -75.4969547700851 -76.2930546355836 
            -77.0345210733771 -77.7108202560905 -78.3100524907782 -78.8193046240487 
            -79.2253764527982 -79.5159297468076 -79.6809608210092 -79.7142915005359 
            -79.6146270311021 -79.3857912719399 -79.0360456131369 -78.5767557921567 
            -78.0208595206967 -77.3815308366289 -76.6712413539554 -75.9012325603984 
            -75.0813105964043 -74.2198501987951 -73.3239121467359 -72.399408439204 
            -71.4512761280347 -70.483639648101 -69.4999531698878 -68.5031209773589 
            -67.4955970764873 -66.4794665645547 -65.4565116235386 -64.4282648594555 
            -63.3960523755736 -62.361028585032 -61.3242044049153 -60.2864701559551 
            -61.1685265231012 -62.2217370994049 -63.2747449565481 -64.3267214709249 
            -65.3767215066199 -66.4236596601447 -67.4662804833557 -68.5031209773589 
            -69.5324631473261 -70.5522737756795 -71.5601278040579 -72.5531108454893 
            -73.5276954974029 -74.4795855994424 -75.4035230517815 -76.2930546355836 
            -77.1402639620913 -77.9354903729653 -78.6670880500804 -79.3213296999713 
            -79.8826260257073 -80.3342852053202 -80.6600026525715 -80.8460517151329 
            -80.8837247680884 -80.7711744769828 -80.5138341430828 -80.1232111924979 
            -79.6146270311021 -79.0048147550956 -78.3100524907782 -77.5450541914301 
            -76.7225092826046 -75.8530467413523 -74.945420722362 -74.0067809149516 
            -73.0429513924434 -72.0586826391377 -71.0578647379259 -70.0437012582223 
            -69.0188482330516 -67.9855240342693 -66.9455958097229 -65.9006474017487 
            -64.8520327829529 -63.8009182192643 -62.7483156695441 -61.6951093651989 
            -60.6420770685545 -61.4921020228095 -62.5597546229835 -63.6282921889993 
            -64.6970089413385 -65.7651001077877 -66.8316408337474 -67.8955593453959 
            -68.9556025604606 -70.0102917163823 -71.0578647379259 -72.096200927437 
            -73.122722061159 -74.1342620748984 -75.1268952953674 -76.0957109997085 
            -77.0345210733771 -77.9354903729653 -78.7886918751025 -79.5816218346001 
            -80.298781324846 -80.9215567022135 -81.4287994163543 -81.798603832084 
            -82.0115460241853 -82.0548280577121 -81.9256865879915 -81.6322006845588 
            -81.1910019709074 -80.6232432106318 -79.9507654107086 -79.1935856294955 
            -78.3687775623939 -77.4903015866063 -76.5693129535914 -75.6146332169285 
            -74.6332227998132 -73.6305899118184 -72.6111206950057 -71.5783365006769 
            -70.5350908553592 -69.4837191017864 -68.4261518970385 -67.3640014703059 
            -66.2986274573133 -65.2311874291894 -64.1626759222152 -63.0939547906306 
            -62.0257769762462 -60.9588052528699 -61.7745147708648 -62.8550429853763 
            -63.937465743981 -65.021198677538 -66.1055775785445 -67.1898408410623 
            -68.2731068096351 -69.3543442993044 -70.4323338714672 -71.5056164817137 
            -72.5724247254782 -73.6305899118184 -74.6774153501761 -75.7095022507487 
            -76.7225092826046 -77.7108202560905 -78.6670880500804 -79.5816218346001 
            -80.4416025772815 -81.2301804841367 -81.9256865879915 -82.5015465179384 
            -82.9279584201543 -83.1764775478029 -83.2272858997834 -83.0759893340066 
            -82.7353193404231 -82.2303968068873 -81.5911213018669 -80.8460517151329 
            -80.0193792338076 -79.1302892704108 -78.1935019250842 -77.2201640595257 
            -76.218707226917 -75.1955469863249 -74.1556136295006 -73.1027420999313 
            -72.0399547457464 -70.9696658313707 -69.8938299428536 -68.8140503868265 
            -67.7316590299316 -66.647775647339 -65.5633524627658 -64.4792078962219 
            -63.3960523755736 -62.3145082585353 -61.235125344029 -62.0142992857824 
            -63.1059642279274 -64.2004277631823 -65.2972200919422 -66.3958111358062 
            -67.4955970764873 -68.595882781651 -69.695858615777 -70.7945694936638 
            -71.8908730812227 -72.9833826128223 -74.0703876076646 -75.1497424041679 
            -76.218707226917 -77.2737184545678 -78.3100524907782 -79.3213296999713 
            -80.298781324846 -81.2301804841367 -82.0983501078861 -82.879305149676 
            -83.5405988017163 -84.0416420825986 -84.33927374983 -84.4007107421762 
            -84.2183700716062 -83.8139063013701 -83.2272858997834 -82.5015465179384 
            -81.6734855182524 -80.7711744769828 -79.8149515546239 -78.8193046240487 
            -77.7945728255724 -76.7482202063568 -75.6857236683721 -74.611176316745 
            -73.5276954974029 -72.4377003034226 -71.3431023417626 -70.245438600052 
            -69.1459652888057 -68.0457250586156 -66.9455958097229 -65.8463266020989 
            -64.7485644048433 -63.6528742558918 -62.5597546229835 -61.4696492293149 
            -62.2101658309105 -63.3110710681157 -64.4155470110361 -65.5232259752324 
            -66.6336985336621 -67.7465043103111 -68.8611198331287 -69.9769423131649 
            -71.0932676994857 -72.2092605659708 -73.3239121467359 -74.4359808638394 
            -75.5439064870298 -76.6456837577797 -77.7386723467704 -78.8193046240487 
            -79.8826260257073 -80.9215567022135 -81.9256865879915 -82.879305149676 
            -83.7582798680768 -84.5256655957039 -85.1276944140196 -85.4969805461481 
            -85.5745499183988 -85.34573362736 -84.8513824753133 -84.1588626020084 
            -83.3300740772389 -82.4100746423856 -81.4287994163543 -80.4056943320038 
            -79.3535106168868 -78.2808032439223 -77.1934735209497 -76.0957109997085 
            -74.9905746173597 -73.8803581705078 -72.7668253094158 -71.6513640888262 
            -70.5350908553592 -69.4189215277089 -68.303621444482 -67.1898408410623 
            -66.0781405088884 -64.9690106305704 -63.8628847949169 -62.7601505566644 
            -61.6611574852809 -62.361028585032 -63.4691408791544 -64.5814401172156 
            -65.6976428786639 -66.8174400223941 -67.9404914045253 -69.0664188411874 
            -70.1947966109703 -71.3251384531415 -72.4568794865991 -73.5893506223467 
            -74.7217416411127 -75.8530467413523 -76.9819822475464 -78.1068587797073 
            -79.2253764527982 -80.3342852053202 -81.4287994163543 -82.5015465179384 
            -83.5405988017163 -84.5256655957039 -85.4207300566265 -86.161345529664 
            -86.6429105498832 -86.747790691362 -86.4424337725532 -85.8159110364817 
            -84.9876247620872 -84.0416420825986 -83.0262932103572 -81.9685001266097 
            -80.8837247680884 -79.781285772192 -78.6670880500804 -77.5450541914301 
            -76.4179048506022 -75.2876024298157 -74.1556136295006 -73.0230705896527 
            -71.8908730812227 -70.7597552296756 -69.6303302245512 -68.5031209773589 
            -67.3785815814099 -66.2571126126476 -65.1390722213063 -64.0247842934183 
            -62.9145445382776 -61.8086250855645 -62.4660307118201 -63.5792061831782 
            -64.6970089413385 -65.819217258288 -66.9455958097229 -68.0758934974405 
            -69.2098405123484 -70.3471443218737 -71.4874841085891 -72.6305029367838 
            -73.7757965150592 -74.922896736216 -76.0712469844827 -77.2201640595257 
            -78.3687775623939 -79.5159297468076 -80.6600026525715 -81.798603832084 
            -82.9279584201543 -84.0416420825986 -85.1276944140196 -86.161345529664 
            -87.085033143308 -87.7572995532036 -87.9176697232414 -87.4668642974986 
            -86.6429105498832 -85.653508785467 -84.5892315126636 -83.4873242268018 
            -82.36475420436 -81.2301804841367 -80.0884773501416 -78.9426239062757 
            -77.7945728255724 -76.6456837577797 -75.4969547700851 -74.3491531451729 
            -73.2028929036021 -72.0586826391377 -70.9169560684843 -69.7780921274588 
            -68.6424285335243 -67.5102711452568 -66.3819005485626 -65.2575767716484 
            -64.137542712125 -63.0220266620905 -61.9112441915925 -62.5245650280139 
            -63.6405799594583 -64.7614718207624 -65.8870544016687 -67.0171350213449 
            -68.1515142256863 -69.2899853479998 -70.4323338714672 -71.5783365006769 
            -72.7277597995474 -73.8803581705078 -75.0358708095528 -76.1940170249605 
            -77.3544888558592 -78.5169390627934 -79.6809608210092 -80.8460517151329 
            -82.0115460241853 -83.1764775478029 -84.33927374983 -85.4969805461481 
            -86.6429105498832 -87.7572995532036 -88.7505173724069 -89.0686748952674 
            -88.2828084269835 -87.2064967860963 -86.0721288950895 -84.9190446437648 
            -83.7582798680768 -82.5941606600009 -81.4287994163543 -80.2634092793538 
            -79.0987820776808 -77.9354903729653 -76.7739828353991 -75.6146332169285 
            -74.45776721379 -73.3036779999606 -72.1526356016892 -71.0048927551735 
            -69.8606886713983 -68.7202515112323 -67.5838000417378 -66.4515447594369 
            -65.3236886591643 -64.2004277631823 -63.0819514859281 -61.9684428849967 
            -62.5362891276815 -63.6528742558918 -64.7743866796486 -65.9006474017487 
            -67.0314724142522 -68.1666727842993 -69.3060547342419 -70.4494197090005 
            -71.5965644200122 -72.7472808494514 -73.9013561890359 -75.058572671779 
            -76.218707226917 -77.3815308366289 -78.5468073739809 -79.7142915005359 
            -80.8837247680884 -82.0548280577121 -83.2272858997834 -84.4007107421762 
            -85.5745499183988 -86.747790691362 -87.9176697232414 -89.0686748952674 
            -89.5834917114609 -88.4983341525174 -87.3334963382014 -86.161345529664 
            -84.9876247620872 -83.8139063013701 -82.640909538018 -81.4690862513685 
            -80.298781324846 -79.1302892704108 -77.9638775731977 -76.7997974726589 
            -75.6382893541793 -74.4795855994424 -73.3239121467359 -72.1714893568522 
            -71.022532487429 -69.8772519384069 -68.7358533601667 -67.5985376780091 
            -66.4655010655571 -65.3369348874826 -64.213025624692 -63.0939547906306 
            -61.9798988445373 -62.5011340873732 -63.6160109353117 -64.735664420394 
            -65.8598940163406 -66.988489841575 -68.1212315931666 -69.2578870887544 
            -70.398210249476 -71.5419382731346 -72.6887876126693 -73.8384481544292 
            -74.9905746173597 -76.1447735408708 -77.3005830423251 -78.4574402746886 
            -79.6146270311021 -80.7711744769828 -81.9256865879915 -83.0759893340066 
            -84.2183700716062 -85.34573362736 -86.4424337725532 -87.4668642974986 
            -88.2828084269835 -88.4983341525174 -87.9176697232414 -86.9684399243683 
            -85.8995320306589 -84.7846025289342 -83.6484993701436 -82.5015465179384 
            -81.34879658849 -80.1930549915018 -79.0360456131369 -77.8789210881469 
            -76.7225092826046 -75.5674419810889 -74.4142264150896 -73.2632871133769 
            -72.1149914537298 -70.9696658313707 -69.8276062040459 -68.6890851487792 
            -67.5543566891435 -66.4236596601447 -65.2972200919422 -64.1752529222045 
            -63.0579632411936 -61.9455472068624 -62.4193062338245 -63.5302238606529 
            -64.6455716508879 -65.7651001077877 -66.8885406408064 -68.015601966559 
            -69.1459652888057 -70.2792777578807 -71.4151434656551 -72.5531108454893 
            -73.6926547199439 -74.8331501959531 -75.9738338192461 -77.1137442331896 
            -78.2516287701306 -79.3857912719399 -80.5138341430828 -81.6322006845588 
            -82.7353193404231 -83.8139063013701 -84.8513824753133 -85.8159110364817 
            -86.6429105498832 -87.2064967860963 -87.3334963382014 -86.9684399243683 
            -86.2526918911892 -85.34573362736 -84.33927374983 -83.2784817683684 -82.1861303238633 
            -81.0745137897487 -79.9507654107086 -78.8193046240487 -77.6830330054261 
            -76.5439557275003 -75.4035230517815 -74.2628274057542 -73.122722061159 
            -71.9838952875522 -70.8469181965335 -69.7122764884155 -68.5803920418525 
            -67.4516379177736 -66.3263489886224 -65.2048295982201 -64.087359166876 
            -62.9741963498927 -61.8655821617552 -62.2912818676663 -63.3960523755736 
            -64.5047225520315 -65.6169693922291 -66.7324365651366 -67.8507272419682 
            -68.9713945877978 -70.0939289955327 -71.2177407094953 -72.3421358151696 
            -73.4662825087568 -74.5891628381818 -75.7095022507487 -76.8256644240516 
            -77.9354903729653 -79.0360456131369 -80.1232111924979 -81.1910019709074 
            -82.2303968068873 -83.2272858997834 -84.1588626020084 -84.9876247620872 
            -85.653508785467 -86.0721288950895 -86.161345529664 -85.8995320306589 
            -85.34573362736 -84.5892315126636 -83.7031485218556 -82.7353193404231 
            -81.7149788745874 -80.6600026525715 -79.5816218346001 -78.4871502348982 
            -77.3815308366289 -76.2682257824983 -75.1497424041679 -74.0279535911438 
            -72.9042987793444 -71.7799136145961 -70.6557157792951 -69.5324631473261 
            -68.4107940334218 -67.2912555897715 -66.1743241915933 -65.0604203043394 
            -63.9499194831173 -62.8431606179839 -61.7404521896095 -62.1177952598697 
            -63.2143265064845 -64.314060465891 -65.4165803005881 -66.5214183838926 
            -67.6280449761596 -68.7358533601667 -69.8441401053775 -70.9520785424021 
            -72.0586826391377 -73.1627571034815 -74.2628274057542 -75.3570400378429 
            -76.4430179051813 -77.5176469517144 -78.5767557921567 -79.6146270311021 
            -80.6232432106318 -81.5911213018669 -82.5015465179384 -83.3300740772389 
            -84.0416420825986 -84.5892315126636 -84.9190446437648 -84.9876247620872 
            -84.7846025289342 -84.33927374983 -83.7031485218556 -82.9279584201543 
            -82.0548280577121 -81.1131709172669 -80.1232111924979 -79.0987820776808 
            -78.0494552580012 -76.9819822475464 -75.9012325603984 -74.8108001369693 
            -73.7133983079191 -72.6111206950057 -71.5056164817137 -70.398210249476 
            -69.2899853479998 -68.1818428698972 -67.0745440285038 -65.9687410599568 
            -64.8650000670877 -63.7638181220888 -62.665636222704 -61.5708492155019 
            -61.8998206269997 -62.9861448317171 -64.0748304871726 -65.1653517147573 
            -66.2571126126476 -67.3494316975224 -68.4415217104627 -69.5324631473261 
            -70.62116920337 -71.7063388425389 -72.7863932593227 -73.8593888629417 
            -74.922896736216 -75.9738338192461 -77.0082242233834 -78.0208595206967 
            -79.0048147550956 -79.9507654107086 -80.8460517151329 -81.6734855182524 
            -82.4100746423856 -83.0262932103572 -83.4873242268018 -83.7582798680768 
            -83.8139063013701 -83.6484993701436 -83.2784817683684 -82.7353193404231 
            -82.0548280577121 -81.2695374656254 -80.4056943320038 -79.4832408667643 
            -78.5169390627934 -77.5176469517144 -76.493389151601 -75.4501607978288 
            -74.392503733986 -73.3239121467359 -72.2471171596085 -71.1642873555645 
            -70.0771712421934 -68.9871995228163 -67.8955593453959 -66.8032488315188 
            -65.7111175812088 -64.6198970941768 -63.5302238606529 -62.4426570655128 
            -61.3576922926322 -61.6385491070189 -62.7128463763585 -63.7885448852132 
            -64.8650000670877 -65.9414778064943 -67.0171350213449 -68.0909947806876 
            -69.1619141644954 -70.2285424106991 -71.2892659714826 -72.3421358151696 
            -73.384770534332 -74.4142264150896 -75.4268224904752 -76.4179048506022 
            -77.3815308366289 -78.3100524907782 -79.1935856294955 -80.0193792338076 
            -80.7711744769828 -81.4287994163543 -81.9685001266097 -82.36475420436 
            -82.5941606600009 -82.640909538018 -82.5015465179384 -82.1861303238633 
            -81.7149788745874 -81.1131709172669 -80.4056943320038 -79.6146270311021 
            -78.7581645326672 -77.8507380480869 -76.9035822678764 -75.9253897543654 
            -74.922896736216 -73.9013561890359 -72.8649015721834 -71.8168199763157 
            -70.7597552296756 -69.695858615777 -68.6269010006974 -67.5543566891435 
            -66.4794665645547 -65.4032859947056 -64.3267214709249 -63.2505588589638 
            -62.1754853581024 -61.1021067048243 -61.3353619714238 -62.3959781582173 
            -63.4569435159299 -64.5174907023804 -65.5767443522801 -66.6336985336621 
            -67.6871882710755 -68.7358533601667 -69.7780921274588 -70.8120020406458 
            -71.8353031129098 -72.8452388544363 -73.8384481544292 -74.8108001369693 
            -75.7571832924424 -76.6712413539554 -77.5450541914301 -78.3687775623939 
            -79.1302892704108 -79.8149515546239 -80.4056943320038 -80.8837247680884 
            -81.2301804841367 -81.4287994163543 -81.4690862513685 -81.34879658849 
            -81.0745137897487 -80.6600026525715 -80.1232111924979 -79.4832408667643 
            -78.7581645326672 -77.9638775731977 -77.1137442331896 -76.218707226917 
            -75.2876024298157 -74.3275249750013 -73.3441722213729 -72.3421358151696 
            -71.3251384531415 -70.296220806938 -69.2578870887544 -68.2122177188079 
            -67.1609564088273 -66.1055775785445 -65.047338729057 -63.9873213202117 
            -62.9264628478288 -61.8655821617552 -60.805399569456 -60.991801409345 
            -62.0372601163572 -63.0819514859281 -64.124986481656 -65.1653517147573 
            -66.2018847345856 -67.2332433036643 -68.2578670515714 -69.2739294766704 
            -70.2792777578807 -71.2713572722744 -72.2471171596085 -73.2028929036021 
            -74.1342620748984 -75.0358708095528 -75.9012325603984 -76.7225092826046 
            -77.4903015866063 -78.1935019250842 -78.8193046240487 -79.3535106168868 
            -79.781285772192 -80.0884773501416 -80.2634092793538 -80.298781324846 
            -80.1930549915018 -79.9507654107086 -79.5816218346001 -79.0987820776808 
            -78.5169390627934 -77.8507380480869 -77.1137442331896 -76.3179302089745 
            -75.4735381613537 -74.5891628381818 -73.6719388615303 -72.7277597995474 
            -71.7614902679709 -70.7771539053993 -69.7780921274588 -68.7670945311771 
            -67.7465043103111 -66.7183027263925 -65.6841765197223 -64.6455716508879 
            -63.6037361892147 -62.5597546229835 -61.5145753992867 -60.469033117278 
            -60.6095402079969 -61.6385491070189 -62.665636222704 -63.6897963933985 
            -64.7098867000642 -65.7246006413454 -66.7324365651366 -67.7316590299316 
            -68.7202515112323 -69.695858615777 -70.6557157792951 -71.5965644200122 
            -72.5145509176524 -73.4051089641726 -74.2628274057542 -75.0813105964043 
            -75.8530467413523 -76.5693129535914 -77.2201640595257 -77.7945728255724 
            -78.2808032439223 -78.6670880500804 -78.9426239062757 -79.0987820776808 
            -79.1302892704108 -79.0360456131369 -78.8193046240487 -78.4871502348982 
            -78.0494552580012 -77.5176469517144 -76.9035822678764 -76.218707226917 
            -75.4735381613537 -74.6774153501761 -73.8384481544292 -72.9635752669697 
            -72.0586826391377 -71.1287417710989 -70.1779469210548 -69.2098405123484 
            -68.2274225307156 -67.2332433036643 -66.229480833352 -65.2180045811015 
            -64.2004277631823 -63.1781501024359 -62.1523927501583 -61.1242268323863 
            -60.0945968256306 -60.1903515476983 -61.2018034796755 -62.2101658309105 
            -63.2143265064845 -64.213025624692 -65.2048295982201 -66.1881000263861 
            -67.1609564088273 -68.1212315931666 -69.0664188411874 -69.9936095163146 
            -70.8994207874728 -71.7799136145961 -72.6305029367838 -73.4458648538312 
            -74.2198501987951 -74.945420722362 -75.6146332169285 -76.218707226917 
            -76.7482202063568 -77.1934735209497 -77.5450541914301 -77.7945728255724 
            -77.9354903729653 -77.9638775731977 -77.8789210881469 -77.6830330054261 
            -77.3815308366289 -76.9819822475464 -76.493389151601 -75.9253897543654 
            -75.2876024298157 -74.5891628381818 -73.8384481544292 -73.0429513924434 
            -72.2092605659708 -71.3431023417626 -70.4494197090005 -69.5324631473261 
            -68.595882781651 -67.6428146805158 -66.6759581252151 -65.6976428786639 
            -64.7098867000642 -63.7144439513234 -62.7128463763585 -61.7064371673108 
            -60.6963993616307 -59.6837794990133 -59.736079953376 -60.7290494867527 
            -61.7177702344749 -62.7010350422213 -63.6774824636037 -64.6455716508879 
            -65.6035528033547 -66.5494325313667 -67.4809335294017 -68.3954480940195 
            -69.2899853479998 -70.161112651698 -71.0048927551735 -71.8168199763157 
            -72.5917613166817 -73.3239121467359 -74.0067809149516 -74.6332227998132 
            -75.1955469863249 -75.6857236683721 -76.0957109997085 -76.4179048506022 
            -76.6456837577797 -76.7739828353991 -76.7997974726589 -76.7225092826046 
            -76.5439557275003 -76.2682257824983 -75.9012325603984 -75.4501607978288 
            -74.922896736216 -74.3275249750013 -73.6719388615303 -72.9635752669697 
            -72.2092605659708 -71.4151434656551 -70.58668865289 -69.728708740715 
            -68.8454173495581 -67.9404914045253 -67.0171350213449 -66.0781405088884 
            -65.1259441657781 -64.1626759222152 -63.1902027014195 -62.2101658309105 
            -61.2240130564063 -60.2330257925771 -59.2383422457544 -59.2486142262402 
            -60.2223504756547 -61.1907061788538 -62.1523927501583 -63.1059642279274 
            -64.0497937052882 -64.982046165549 -65.9006474017487 -66.8032488315188 
            -67.6871882710755 -68.5494471684959 -69.386605500355 -70.1947966109703 
            -70.9696658313707 -71.7063388425389 -72.399408439204 -73.0429513924434 
            -73.6305899118184 -74.1556136295006 -74.611176316745 -74.9905746173597 
            -75.2876024298157 -75.4969547700851 -75.6146332169285 -75.6382893541793 
            -75.5674419810889 -75.4035230517815 -75.1497424041679 -74.8108001369693 
            -74.392503733986 -73.9013561890359 -73.3441722213729 -72.7277597995474 
            -72.0586826391377 -71.3431023417626 -70.58668865289 -69.7945822510095 
            -68.9713945877978 -68.1212315931666 -67.2477310858603 -66.3541066429905 
            -65.443193101797 -64.5174907023804 -63.5792061831782 -62.6302900166044 
            -61.6724695305602 -60.7072779968834 -59.736079953376 -58.7600931149761 
            -58.7298629463194 -59.6837794990133 -60.6312267493514 -61.5708492155019 
            -62.5011340873732 -63.4203897319823 -64.3267214709249 -65.2180045811015 
            -66.0918546607152 -66.9455958097229 -67.7762275432427 -68.5803920418525 
            -69.3543442993044 -70.0939289955327 -70.7945694936638 -71.4512761280347 
            -72.0586826391377 -72.6111206950057 -73.1027420999313 -73.5276954974029 
            -73.8803581705078 -74.1556136295006 -74.3491531451729 -74.45776721379 
            -74.4795855994424 -74.4142264150896 -74.2628274057542 -74.0279535911438 
            -73.7133983079191 -73.3239121467359 -72.8649015721834 -72.3421358151696 
            -71.7614902679709 -71.1287417710989 -70.4494197090005 -69.728708740715 
            -68.9713945877978 -68.1818428698972 -67.3640014703059 -66.5214183838926 
            -65.6572687768929 -64.7743866796486 -63.8752981580803 -62.9622539186787 
            -62.0372601163572 -61.1021067048243 -60.1583930510527 -59.2075507793184 
            -58.2508639570872 -58.1817329114193 -59.1153956882832 -60.0415556885217 
            -60.9588052528699 -61.8655821617552 -62.7601505566644 -63.6405799594583 
            -64.5047225520315 -65.3501890961768 -66.1743241915933 -66.9741820176793 
            -67.7465043103111 -68.4877031069081 -69.1938517455595 -69.8606886713983 
            -70.483639648101 -71.0578647379259 -71.5783365006769 -72.0399547457464 
            -72.4377003034226 -72.7668253094158 -73.0230705896527 -73.2028929036021 
            -73.3036779999606 -73.3239121467359 -73.2632871133769 -73.122722061159 
            -72.9042987793444 -72.6111206950057 -72.2471171596085 -71.8168199763157 
            -71.3251384531415 -70.7771539053993 -70.1779469210548 -69.5324631473261 
            -68.8454173495581 -68.1212315931666 -67.3640014703059 -66.5774838490161 
            -65.7651001077877 -64.9299497643274 -64.0748304871726 -63.2022614999503 
            -62.3145082585353 -61.41360697395 -60.5013880772753 -59.5794981020206 
            -58.6494197236854 -57.7124898733502 -57.6061106773016 -58.5192244867716 
            -59.4238664909119 -60.318591175377 -61.2018034796755 -62.0717423025974 
            -62.9264628478288 -63.7638181220888 -64.5814401172156 -65.3767215066199 
            -66.146799080356 -66.8885406408064 -67.5985376780091 -68.2731068096351 
            -68.9083036335999 -69.4999531698878 -70.0437012582223 -70.5350908553592 
            -70.9696658313707 -71.3431023417626 -71.6513640888262 -71.8908730812227 
            -72.0586826391377 -72.1526356016892 -72.1714893568522 -72.1149914537298 
            -71.9838952875522 -71.7799136145961 -71.5056164817137 -71.1642873555645 
            -70.7597552296756 -70.296220806938 -69.7780921274588 -69.2098405123484 
            -68.595882781651 -67.9404914045253 -67.2477310858603 -66.5214183838926 
            -65.7651001077877 -64.982046165549 -64.1752529222045 -63.347453744784 
            -62.5011340873732 -61.6385491070189 -60.7617423505028 -59.8725644972839 
            -58.9726914886757 -58.06364163035 -57.1467914404739 -57.0048471973288 
            -57.897241641002 -58.7802660253541 -59.6524504733551 -60.512182333275 
            -61.3576922926322 -62.1870399672673 -62.9980993722663 -63.7885448852132 
            -64.5558385746293 -65.2972200919422 -66.0097007106024 -66.6900635237689 
            -67.3348722430193 -67.9404914045253 -68.5031209773589 -69.0188482330516 
            -69.4837191017864 -69.8938299428536 -70.245438600052 -70.5350908553592 
            -70.7597552296756 -70.9169560684843 -71.0048927551735 -71.022532487429 
            -70.9696658313707 -70.8469181965335 -70.6557157792951 -70.398210249476 
            -70.0771712421934 -69.695858615777 -69.2578870887544 -68.7670945311771 
            -68.2274225307156 -67.6428146805158 -67.0171350213449 -66.3541066429905 
            -65.6572687768929 -64.9299497643274 -64.1752529222045 -63.3960523755736 
            -62.5949962181636 -61.7745147708648 -60.9368321441126 -60.0839797199993 
            -59.2178105264435 -58.3400137694779 -57.4521290219217 -56.5555597441002 
            -56.3797454314729 -57.2513607059991 -58.1127822814982 -58.962528283289 
            -59.7989821221736 -60.6203811309247 -61.4248051947994 -62.2101658309105 
            -62.9741963498927 -63.7144439513234 -64.4282648594555 -65.112823887811 
            -65.7651001077877 -66.3819005485626 -66.9598840131854 -67.4955970764873 
            -67.9855240342693 -68.4261518970385 -68.8140503868265 -69.1459652888057 
            -69.4189215277089 -69.6303302245512 -69.7780921274588 -69.8606886713983 
            -69.8772519384069 -69.8276062040459 -69.7122764884155 -69.5324631473261 
            -69.2899853479998 -68.9871995228163 -68.6269010006974 -68.2122177188079 
            -67.7465043103111 -67.2332433036643 -66.6759581252151 -66.0781405088884 
            -65.443193101797 -64.7743866796486 -64.0748304871726 -63.347453744784 
            -62.5949962181636 -61.8200058282114 -61.0248414926213 -60.2116796658085 
            -59.3825233319451 -58.539212476321 -57.683435297506 -56.8167396210367 
            -55.9405441349246 -55.7325507038312 -56.5834237268503 -57.4233557491504 
            -58.2508639570872 -59.0643397465133 -59.8620397175672 -60.6420770685545 
            -61.4024138560379 -62.1408547374527 -62.8550429853763 -63.5424597527847 
            -64.2004277631823 -64.8261207758741 -65.4165803005881 -65.9687410599568 
            -66.4794665645547 -66.9455958097229 -67.3640014703059 -67.7316590299316 
            -68.0457250586156 -68.303621444482 -68.5031209773589 -68.6424285335243 
            -68.7202515112323 -68.7358533601667 -68.6890851487792 -68.5803920418525 
            -68.4107940334218 -68.1818428698972 -67.8955593453959 -67.5543566891435 
            -67.1609564088273 -66.7183027263925 -66.229480833352 -65.6976428786639 
            -65.1259441657781 -64.5174907023804 -63.8752981580803 -63.2022614999503 
            -62.5011340873732 -61.7745147708648 -61.0248414926213 -60.2543899673513 
            -59.4652761771987 -58.6594616035347 -57.8387603129368 -57.0048471973288 
            -56.1592668296983 -55.3034425333978 -55.064943530859 -55.8951947084623 
            -56.7138339036379 -57.5193870342689 -58.3102636473413 -59.0847500580205 
            -59.8410031884071 -60.5770455595832 -61.2907620100376 -61.9798988445373 
            -62.6420662520983 -63.2747449565481 -63.8752981580803 -64.4409898613917 
            -64.9690106305704 -65.4565116235386 -65.9006474017487 -66.2986274573133 
            -66.647775647339 -66.9455958097229 -67.1898408410623 -67.3785815814099 
            -67.5102711452568 -67.5838000417378 -67.5985376780091 -67.5543566891435 
            -67.4516379177736 -67.2912555897715 -67.0745440285038 -66.8032488315188 
            -66.4794665645547 -66.1055775785445 -65.6841765197223 -65.2180045811015 
            -64.7098867000642 -64.1626759222152 -63.5792061831782 -62.9622539186787 
            -62.3145082585353 -61.6385491070189 -60.9368321441126 -60.2116796658085 
            -59.4652761771987 -58.6996677221165 -57.9167640459503 -57.1183428200298 
            -56.3060552900624 -55.4814328370278 -54.6458940510144 -54.3785346139386 
            -55.1883554689705 -55.9859682744229 -56.7699159555192 -57.5386346752472 
            -58.2904488774073 -59.0235672387664 -59.736079953376 -60.4259578639988 
            -61.091054050326 -61.7291085731003 -62.3377571451885 -62.9145445382776 
            -63.4569435159299 -63.9623799856631 -64.4282648594555 -64.8520327829529 
            -65.2311874291894 -65.5633524627658 -65.8463266020989 -66.0781405088884 
            -66.2571126126476 -66.3819005485626 -66.4515447594369 -66.4655010655571 
            -66.4236596601447 -66.3263489886224 -66.1743241915933 -65.9687410599568 
            -65.7111175812088 -65.4032859947056 -65.047338729057 -64.6455716508879 
            -64.2004277631823 -63.7144439513234 -63.1902027014195 -62.6302900166044 
            -62.0372601163572 -61.41360697395 -60.7617423505028 -60.0839797199993 
            -59.3825233319451 -58.6594616035347 -57.9167640459503 -57.1562809865855 
            -56.3797454314729 -55.5887765055349 -54.7848840023864 -53.9694736638701 
            -53.6748616835172 -54.4645034808691 -55.2414136051099 -56.004158918602 
            -56.7512090736711 -57.4809332111691 -58.1915977012967 -58.8813653092017 
            -59.5482962356223 -60.1903515476983 -60.805399569456 -61.3912258349975 
            -61.9455472068624 -62.4660307118201 -62.9503175299789 -63.3960523755736 
            -63.8009182192643 -64.1626759222152 -64.4792078962219 -64.7485644048433 
            -64.9690106305704 -65.1390722213063 -65.2575767716484 -65.3236886591643 
            -65.3369348874826 -65.2972200919422 -65.2048295982201 -65.0604203043394 
            -64.8650000670877 -64.6198970941768 -64.3267214709249 -63.9873213202117 
            -63.6037361892147 -63.1781501024359 -62.7128463763585 -62.2101658309105 
            -61.6724695305602 -61.1021067048243 -60.5013880772753 -59.8725644972839 
            -59.2178105264435 -58.539212476321 -57.8387603129368 -57.1183428200298 
            -56.3797454314729 -55.6246501886326 -54.854637339205 -54.0711881611433 
            -53.2756886624534 -52.9553878919159 -53.7251513295613 -54.4817286603008 
            -55.2237163536668 -55.9496229759834 -56.6578673010484 -57.3467775347457 
            -58.0145919909329 -58.6594616035347 -59.2794547009697 -59.8725644972839 
            -60.4367197612588 -60.9697991003137 -61.4696492293149 -61.9341074748633 
            -62.361028585032 -62.7483156695441 -63.0939547906306 -63.3960523755736 
            -63.6528742558918 -63.8628847949169 -64.0247842934183 -64.137542712125 
            -64.2004277631823 -64.213025624692 -64.1752529222045 -64.087359166876 
            -63.9499194831173 -63.7638181220888 -63.5302238606529 -63.2505588589638 
            -62.9264628478288 -62.5597546229835 -62.1523927501583 -61.7064371673108 
            -61.2240130564063 -60.7072779968834 -60.1583930510527 -59.5794981020206 
            -58.9726914886757 -58.3400137694779 -57.683435297506 -57.0048471973288 
            -56.3060552900624 -55.5887765055349 -54.854637339205 -54.1051739471391 
            -53.3418335174509 -52.5659766054846 -52.2215014727374 -52.9717274549382 
            -53.7083782902266 -54.4300845749502 -55.1353979248979 -55.8227902686933 
            -56.4906542789599 -57.137305232645 -57.7609846232344 -58.3598658707356 
            -58.932062484822 -59.4756390259053 -59.9886251708558 -60.469033117278 
            -60.9148784463048 -61.3242044049153 -61.6951093651989 -62.0257769762462 
            -62.3145082585353 -62.5597546229835 -62.7601505566644 -62.9145445382776 
            -63.0220266620905 -63.0819514859281 -63.0939547906306 -63.0579632411936 
            -62.9741963498927 -62.8431606179839 -62.665636222704 -62.4426570655128 
            -62.1754853581024 -61.8655821617552 -61.5145753992867 -61.1242268323863 
            -60.6963993616307 -60.2330257925771 -59.736079953376 -59.2075507793184 
            -58.6494197236854 -58.06364163035 -57.4521290219217 -56.8167396210367 
            -56.1592668296983 -55.4814328370278 -54.7848840023864 -54.0711881611433 
            -53.3418335174509 -52.5982288162332 -51.8417045203807 -51.4745164122043 
            -52.2055778825348 -52.9227364217048 -53.6246602433322 -54.3099470228268 
            -54.9771241635323 -55.6246501886326 -56.2509175060304 -56.8542568121013 
            -57.4329434100759 -57.9852057154819 -58.5092361996994 -59.0032049781472 
            -59.4652761771987 -59.8936271101215 -60.2864701559551 -60.6420770685545 
            -60.9588052528699 -61.235125344029 -61.4696492293149 -61.6611574852809 
            -61.8086250855645 -61.9112441915925 -61.9684428849967 -61.9798988445373 
            -61.9455472068624 -61.8655821617552 -61.7404521896095 -61.5708492155019 
            -61.3576922926322 -61.1021067048243 -60.805399569456 -60.469033117278 
            -60.0945968256306 -59.6837794990133 -59.2383422457544 -58.7600931149761 
            -58.2508639570872 -57.7124898733502 -57.1467914404739 -56.5555597441002 
            -55.9405441349246 -55.3034425333978 -54.6458940510144 -53.9694736638701 
            -53.2756886624534 -52.5659766054846 -51.8417045203807 -51.1041691146647 
gridtype  = projection
gridsize  = 2401
xsize     = 49
ysize     = 49
xname     = xc
xunits    = "kilometers"
yname     = yc
yunits    = "kilometers"
xfirst    = -3040
xinc      = 128
yfirst    = -3040
yinc      = 128
grid_mapping = crs
grid_mapping_name = polar_stereographic
straight_vertical_longitude_from_pole = 0.
latitude_of_projection_origin = -90.
standard_parallel = -71.
false_easting = 0.
false_northing = 0.
semi_major_axis = 6378137.
inverse_flattening = 298.257223563
#
# gridID 2
#
gridtype  = projection
gridsize  = 2401
xsize     = 49
ysize     = 49
xname     = xc
xunits    = "kilometers"
yname     = yc
yunits    = "kilometers"
xfirst    = -3040
xinc      = 128
yfirst    = -3040
yinc      = 128
grid_mapping = crs
grid_mapping_name = polar_stereographic
straight_vertical_longitude_from_pole = 0.
latitude_of_projection_origin = -90.
standard_parallel = -71.
false_easting = 0.
false_northing = 0.
semi_major_axis = 6378137.
inverse_flattening = 298.257223563
